0 
1.01644e-20 
-6.77626e-21 
6.77626e-21 
-1.35525e-20 
3.38813e-21 
-1.35525e-20 
-1.01644e-20 
3.38813e-21 
0 
0 
-6.77626e-21 
-3.38813e-21 
-3.38813e-21 
-1.35525e-20 
-1.01644e-20 
-6.77626e-21 
0 
-1.01644e-20 
0 
0 
-3.38813e-21 
0 
0 
0 
0 
-6.77626e-21 
1.01644e-20 
3.38813e-21 
-3.38813e-21 
0 
6.77626e-21 
6.77626e-21 
-3.38813e-21 
3.38813e-21 
0 
6.77626e-21 
3.38813e-21 
-6.77626e-21 
3.38813e-21 
0 
6.77626e-21 
0 
3.38813e-21 
-3.38813e-21 
-3.38813e-21 
0 
-3.38813e-21 
0 
0 
-3.38813e-21 
-3.38813e-21 
-0.00204628 
-0.00152873 
-0.00125191 
-0.00108495 
-0.000974116 
0.00115126 
0.000693268 
0.000463121 
0.00033386 
0.000254202 
0.000201375 
0.000164301 
0.000137116 
0.000116483 
0.000100386 
8.7541e-05 
7.70977e-05 
6.84715e-05 
6.12492e-05 
5.51309e-05 
4.98944e-05 
4.53719e-05 
4.14347e-05 
3.79823e-05 
3.49354e-05 
3.22309e-05 
2.98176e-05 
2.76539e-05 
2.57057e-05 
2.39448e-05 
2.23469e-05 
2.08918e-05 
1.95625e-05 
1.83444e-05 
1.7225e-05 
1.61938e-05 
1.52414e-05 
1.436e-05 
1.35424e-05 
1.27826e-05 
1.20751e-05 
1.14153e-05 
1.07989e-05 
1.02221e-05 
9.68166e-06 
9.17457e-06 
8.69815e-06 
8.24999e-06 
7.82792e-06 
7.42998e-06 
7.0544e-06 
6.69957e-06 
6.36401e-06 
6.04639e-06 
5.7455e-06 
5.46021e-06 
5.1895e-06 
4.93242e-06 
4.68813e-06 
4.4558e-06 
4.23473e-06 
4.02421e-06 
3.82363e-06 
3.6324e-06 
3.44999e-06 
3.27588e-06 
3.10962e-06 
2.95078e-06 
2.79893e-06 
2.65372e-06 
2.51478e-06 
2.38179e-06 
2.25444e-06 
2.13244e-06 
2.01552e-06 
1.90342e-06 
1.79591e-06 
1.69277e-06 
1.59377e-06 
1.49873e-06 
1.40746e-06 
1.31977e-06 
1.23551e-06 
1.15452e-06 
1.07665e-06 
1.00176e-06 
9.29716e-07 
8.60395e-07 
7.93678e-07 
7.29452e-07 
6.67612e-07 
6.08055e-07 
5.50687e-07 
4.95416e-07 
4.42156e-07 
3.90824e-07 
3.41343e-07 
2.93638e-07 
2.47639e-07 
2.03278e-07 
1.60491e-07 
1.19217e-07 
7.93976e-08 
4.0977e-08 
3.90225e-09 
-3.18773e-08 
-6.641e-08 
-9.97421e-08 
-1.31918e-07 
-1.6298e-07 
-1.92968e-07 
-2.21921e-07 
-2.49876e-07 
-2.76868e-07 
-3.02932e-07 
-3.281e-07 
-3.52403e-07 
-3.75872e-07 
-3.98534e-07 
-4.20418e-07 
-4.41549e-07 
-4.61953e-07 
-4.81655e-07 
-5.00679e-07 
-5.19045e-07 
-5.36777e-07 
-5.53894e-07 
-5.70418e-07 
-5.86366e-07 
-6.01758e-07 
-6.16612e-07 
-6.30944e-07 
-6.44772e-07 
-6.58111e-07 
-6.70976e-07 
-6.83382e-07 
-6.95344e-07 
-7.06875e-07 
-7.17989e-07 
-7.28698e-07 
-7.39015e-07 
-7.48951e-07 
-7.58519e-07 
-7.67729e-07 
-7.76591e-07 
-7.85118e-07 
-7.93317e-07 
-8.012e-07 
-8.08774e-07 
-8.16051e-07 
-8.23038e-07 
-8.29743e-07 
-8.36175e-07 
-8.42342e-07 
-8.48252e-07 
-8.53911e-07 
-8.59327e-07 
-8.64508e-07 
-8.69459e-07 
-8.74188e-07 
-8.787e-07 
-8.83002e-07 
-8.871e-07 
-8.91e-07 
-8.94706e-07 
-8.98225e-07 
-9.01562e-07 
-9.04721e-07 
-9.07709e-07 
-9.10529e-07 
-9.13186e-07 
-9.15685e-07 
-9.1803e-07 
-9.20225e-07 
-9.22275e-07 
-9.24184e-07 
-9.25955e-07 
-9.27592e-07 
-9.29099e-07 
-9.30479e-07 
-9.31737e-07 
-9.32875e-07 
-9.33896e-07 
-9.34804e-07 
-9.35602e-07 
-9.36293e-07 
-9.3688e-07 
-9.37365e-07 
-9.37752e-07 
-9.38043e-07 
-9.38241e-07 
-9.38348e-07 
-9.38366e-07 
-9.38299e-07 
-9.38149e-07 
-9.37918e-07 
-9.37607e-07 
-9.3722e-07 
-9.36758e-07 
-9.36223e-07 
-9.35618e-07 
-9.34945e-07 
-9.34204e-07 
-9.33399e-07 
-9.32531e-07 
-9.31601e-07 
-9.30612e-07 
-9.29564e-07 
-9.28461e-07 
-9.27302e-07 
-9.26091e-07 
-9.24828e-07 
-9.23514e-07 
-9.22152e-07 
-9.20742e-07 
-9.19286e-07 
-9.17786e-07 
-9.16242e-07 
-9.14656e-07 
-9.13029e-07 
-9.11362e-07 
-9.09657e-07 
-9.07914e-07 
-9.06135e-07 
-9.0432e-07 
-9.02472e-07 
-9.0059e-07 
-8.98676e-07 
-8.96731e-07 
-8.94756e-07 
-8.92751e-07 
-8.90718e-07 
-8.88658e-07 
-8.86571e-07 
-8.84458e-07 
-8.8232e-07 
-8.80159e-07 
-8.77973e-07 
-8.75766e-07 
-8.73536e-07 
-8.71286e-07 
-8.69015e-07 
-8.66724e-07 
-8.64414e-07 
-8.62086e-07 
-8.59741e-07 
-8.57378e-07 
-8.54999e-07 
-8.52604e-07 
-8.50194e-07 
-8.47769e-07 
-8.45331e-07 
-8.42878e-07 
-8.40413e-07 
-8.37935e-07 
-8.35446e-07 
-8.32945e-07 
-8.30432e-07 
-8.2791e-07 
-8.25377e-07 
-8.22835e-07 
-8.20284e-07 
-8.17724e-07 
-8.15156e-07 
-8.1258e-07 
-8.09997e-07 
-8.07406e-07 
-8.04809e-07 
-8.02206e-07 
-7.99596e-07 
-7.96982e-07 
-7.94362e-07 
-7.91737e-07 
-7.89107e-07 
-7.86474e-07 
-7.83836e-07 
-7.81195e-07 
-7.78551e-07 
-7.75904e-07 
-7.73254e-07 
-7.70602e-07 
-7.67947e-07 
-7.65291e-07 
-7.62633e-07 
-7.59974e-07 
-7.57314e-07 
-7.54653e-07 
-7.51992e-07 
-7.4933e-07 
-7.46668e-07 
-7.44006e-07 
-7.41344e-07 
-7.38683e-07 
-7.36023e-07 
-7.33363e-07 
-7.30705e-07 
-7.28048e-07 
-7.25393e-07 
-7.22739e-07 
-7.20088e-07 
-7.17438e-07 
-7.1479e-07 
-7.12145e-07 
-7.09503e-07 
-7.06863e-07 
-7.04226e-07 
-7.01592e-07 
-6.98961e-07 
-6.96334e-07 
-6.9371e-07 
-6.91089e-07 
-6.88473e-07 
-6.8586e-07 
-6.83251e-07 
-6.80646e-07 
-6.78045e-07 
-6.75449e-07 
-6.72857e-07 
-6.7027e-07 
-6.67687e-07 
-6.65109e-07 
-6.62536e-07 
-6.59968e-07 
-6.57404e-07 
-6.54846e-07 
-6.52293e-07 
-6.49746e-07 
-6.47204e-07 
-6.44667e-07 
-6.42136e-07 
-6.3961e-07 
-6.3709e-07 
-6.34576e-07 
-6.32068e-07 
-6.29565e-07 
-6.27069e-07 
-6.24578e-07 
-6.22094e-07 
-6.19616e-07 
-6.17144e-07 
-6.14678e-07 
-6.12218e-07 
-6.09765e-07 
-6.07318e-07 
-6.04878e-07 
-6.02444e-07 
-6.00016e-07 
-5.97595e-07 
-5.95181e-07 
-5.92773e-07 
-5.90372e-07 
-5.87978e-07 
-5.8559e-07 
-5.83209e-07 
-5.80834e-07 
-5.78467e-07 
-5.76106e-07 
-5.73752e-07 
-5.71404e-07 
-5.69063e-07 
-5.6673e-07 
-5.64403e-07 
-5.62082e-07 
-5.59769e-07 
-5.57462e-07 
-5.55162e-07 
-5.52869e-07 
-5.50582e-07 
-5.48302e-07 
-5.46029e-07 
-5.43762e-07 
-5.41502e-07 
-5.39248e-07 
-5.37001e-07 
-5.34761e-07 
-5.32527e-07 
-5.30299e-07 
-5.28077e-07 
-5.25862e-07 
-5.23653e-07 
-5.2145e-07 
-5.19252e-07 
-5.17061e-07 
-5.14875e-07 
-5.12695e-07 
-5.1052e-07 
-5.08351e-07 
-5.06187e-07 
-5.04028e-07 
-5.01873e-07 
-4.99724e-07 
-4.97579e-07 
-4.95438e-07 
-4.93301e-07 
-4.91168e-07 
-4.89039e-07 
-4.86912e-07 
-4.84789e-07 
-4.82668e-07 
-4.8055e-07 
-4.78434e-07 
-4.76319e-07 
-4.74205e-07 
-4.72092e-07 
-4.69979e-07 
-4.67866e-07 
-4.65752e-07 
-4.63637e-07 
-4.6152e-07 
-4.594e-07 
-4.57276e-07 
-4.55148e-07 
-4.53016e-07 
-4.50877e-07 
-4.48732e-07 
-4.46579e-07 
-4.44417e-07 
-4.42246e-07 
-4.40063e-07 
-4.37868e-07 
-4.35659e-07 
-4.33434e-07 
-4.31193e-07 
-4.28934e-07 
-4.26654e-07 
-4.24352e-07 
-4.22026e-07 
-4.19673e-07 
-4.17292e-07 
-4.14879e-07 
-4.12433e-07 
-4.0995e-07 
-4.07427e-07 
-4.04862e-07 
-4.0225e-07 
-3.99587e-07 
-3.96871e-07 
-3.94096e-07 
-3.91259e-07 
-3.88354e-07 
-3.85376e-07 
-3.82321e-07 
-3.7918e-07 
-3.7595e-07 
-3.72622e-07 
-3.6919e-07 
-3.65646e-07 
-3.61983e-07 
-3.5819e-07 
-3.54259e-07 
-3.50179e-07 
-3.45941e-07 
-3.41532e-07 
-3.36942e-07 
-3.32155e-07 
-3.27159e-07 
-3.21939e-07 
-3.16479e-07 
-3.10761e-07 
-3.04768e-07 
-2.98481e-07 
-2.91878e-07 
-2.84937e-07 
-2.77636e-07 
-2.69948e-07 
-2.61846e-07 
-2.53302e-07 
-2.44284e-07 
-2.34761e-07 
-2.24695e-07 
-2.14051e-07 
-2.02788e-07 
-1.90861e-07 
-1.78227e-07 
-1.64835e-07 
-1.50633e-07 
-1.35565e-07 
-1.19571e-07 
-1.02587e-07 
-8.45445e-08 
-6.53702e-08 
-4.49861e-08 
-2.33084e-08 
-2.48097e-10 
2.42904e-08 
5.0409e-08 
7.82167e-08 
1.0783e-07 
1.39373e-07 
1.7298e-07 
2.08791e-07 
2.4696e-07 
2.87648e-07 
3.31029e-07 
3.77288e-07 
4.26623e-07 
4.79247e-07 
5.35385e-07 
5.95279e-07 
6.59188e-07 
7.27388e-07 
8.00173e-07 
8.7786e-07 
9.60786e-07 
1.04931e-06 
1.14382e-06 
1.24472e-06 
1.35246e-06 
1.4675e-06 
1.59035e-06 
1.72154e-06 
1.86165e-06 
2.01128e-06 
2.1711e-06 
2.34181e-06 
2.52415e-06 
2.71892e-06 
2.92697e-06 
3.14922e-06 
3.38665e-06 
3.6403e-06 
3.91127e-06 
4.20077e-06 
4.51006e-06 
4.8405e-06 
5.19356e-06 
5.57077e-06 
5.9738e-06 
6.40443e-06 
6.86454e-06 
7.35617e-06 
7.88148e-06 
8.44278e-06 
9.04255e-06 
9.68343e-06 
1.03682e-05 
1.11e-05 
1.18819e-05 
1.27175e-05 
1.36103e-05 
1.45644e-05 
1.5584e-05 
1.66734e-05 
1.78377e-05 
1.90818e-05 
2.04112e-05 
2.18319e-05 
2.33501e-05 
2.49725e-05 
2.67062e-05 
2.85589e-05 
3.05388e-05 
3.26546e-05 
3.49156e-05 
3.73318e-05 
3.99139e-05 
4.26733e-05 
4.5622e-05 
4.87732e-05 
5.21408e-05 
5.57396e-05 
5.95854e-05 
6.36953e-05 
6.80874e-05 
7.2781e-05 
7.7797e-05 
8.31573e-05 
8.88857e-05 
9.50074e-05 
0.000101549 
0.000108541 
0.000116012 
0.000123997 
0.000132529 
0.000141648 
0.000151393 
0.000161806 
0.000172935 
0.000184829 
0.000197539 
0.000211121 
0.000225637 
0.000241149 
0.000257726 
0.000275442 
0.000294375 
0.000314607 
0.000336229 
0.000359335 
0.000384029 
0.000410417 
0.000438618 
0.000468756 
0.000500963 
0.000535382 
0.000572164 
0.000611471 
0.000653478 
0.00069837 
0.000746344 
0.000797612 
0.0008524 
0.00091095 
0.000973521 
0.00104039 
0.00111185 
0.00118821 
0.00126982 
0.00135703 
0.00145023 
0.00154982 
0.00165626 
0.00177 
0.00189155 
0.00202145 
0.00216026 
0.00230861 
0.00246713 
0.00263654 
0.00281758 
0.00301105 
0.0032178 
0.00343874 
0.00367484 
0.00392715 
0.00419678 
0.00448492 
0.00479284 
0.00512189 
0.00547354 
0.00584933 
0.00625091 
0.00668008 
0.00713873 
0.00762889 
0.00815278 
0.00871264 
0.00931086 
0.00995003 
0.0106329 
0.0113625 
0.012142 
0.0129748 
0.0138645 
0.0148152 
0.015831 
0.0169164 
0.018076 
0.0193147 
0.020638 
0.0220515 
0.0235615 
0.0251748 
0.0268981 
0.0287387 
0.0307046 
0.0328046 
0.0350476 
0.037443 
0.0400013 
0.0427338 
0.0456516 
0.0487677 
0.0520951 
0.0556482 
0.059442 
0.0634924 
0.0678166 
0.0724327 
0.0773593 
0.0826174 
0.0882275 
0.0942115 
0.100592 
0.107393 
0.114637 
0.122346 
0.130542 
0.139241 
0.148456 
0.158193 
0.168446 
0.179191 
0.190382 
0.20194 
0.213743 
0.225607 
0.237279 
0.248407 
0.258532 
0.267072 
0.273327 
0.276497 
0.275749 
0.270323 
0.259675 
0.243639 
0.222566 
0.197363 
0.169415 
0.140369 
0.111857 
0.0852361 
0.0614322 
0.0408957 
0.0236689 
0.00950569 
-0.00199746 
-0.0112984 
-0.0188381 
-0.0250022 
-0.0301081 
-0.0344049 
-0.0380823 
-0.0412817 
-0.0441065 
-0.0466321 
-0.0489129 
-0.0509883 
-0.0528872 
-0.0546307 
-0.0562346 
-0.0577113 
-0.0590701 
-0.0603188 
-0.061464 
-0.0625112 
-0.0634655 
-0.0643315 
-0.0651134 
-0.0658153 
-0.066441 
-0.0669942 
-0.0674787 
-0.0678979 
-0.0682552 
-0.0685541 
-0.0687979 
-0.0689897 
-0.0691327 
-0.0692299 
-0.0692843 
-0.0692986 
-0.0692756 
-0.069218 
-0.0691283 
-0.069009 
-0.0688624 
-0.0686907 
-0.0684962 
-0.0682809 
-0.0680467 
-0.0677955 
-0.0675292 
-0.0672494 
-0.0669577 
-0.0666558 
-0.0663451 
-0.0660271 
-0.0657031 
-0.0653746 
-0.0650428 
-0.0647092 
-0.064375 
-0.0640418 
-0.0637107 
-0.0633832 
-0.0630604 
-0.0627439 
-0.062435 
-0.0621355 
-0.0618476 
-0.061573 
-0.0613137 
-0.0610702 
-0.0608442 
-0.0606376 
-0.0604524 
-0.0602908 
-0.060155 
-0.0600473 
-0.0599711 
-0.0599289 
-0.0599222 
-0.0599517 
-0.0600187 
-0.0601246 
-0.0602702 
-0.0604564 
-0.0606831 
-0.0609503 
-0.0612568 
-0.0615997 
-0.0619747 
-0.0623756 
-0.0627948 
-0.0632235 
-0.063651 
-0.0640641 
-0.0644474 
-0.064783 
-0.0650502 
-0.065226 
-0.0652849 
-0.0652002 
-0.0649438 
-0.0644868 
-0.0638003 
-0.0628571 
-0.061634 
-0.0601122 
-0.0582829 
-0.0561441 
-0.0537011 
-0.050972 
-0.0479872 
-0.0447914 
-0.0414378 
-0.0379854 
-0.0344973 
-0.0310372 
-0.0276661 
-0.0244384 
-0.021399 
-0.0185813 
-0.0160088 
-0.0136912 
-0.0116284 
-0.00981327 
-0.00823124 
-0.00686424 
-0.0056914 
-0.00469105 
-0.003842 
-0.00312404 
-0.00251859 
-0.00200903 
-0.00158068 
-0.00122078 
-0.000918368 
-0.000664126 
-0.000450179 
-0.000269914 
-0.000117797 
1.07919e-05 
0.000119702 
0.000212137 
0.00029076 
0.00035779 
0.000415073 
0.000464148 
0.000506299 
0.000542598 
0.000573946 
0.000601095 
0.000624679 
0.00064523 
0.000663196 
0.000678958 
0.000692835 
0.0007051 
0.000715984 
0.000725682 
0.000734361 
0.000742163 
0.00074921 
0.000755606 
0.000761439 
0.000766786 
0.00077171 
0.00077627 
0.000780511 
0.000784476 
0.0007882 
0.000791714 
0.000795044 
0.000798212 
0.000801237 
0.000804138 
0.000806927 
0.000809618 
0.000812221 
0.000814745 
0.000817198 
0.000819588 
0.000821919 
0.000824197 
0.000826426 
0.000828609 
0.000830751 
0.000832852 
0.000834917 
0.000836945 
0.00083894 
0.000840902 
0.000842832 
0.000844731 
0.000846601 
0.000848441 
0.000850252 
0.000852034 
0.000853787 
0.000855513 
0.00085721 
0.000858879 
0.00086052 
0.000862132 
0.000863717 
0.000865273 
0.000866801 
0.000868301 
0.000869771 
0.000871213 
0.000872624 
0.000874006 
0.000875358 
0.00087668 
0.000877972 
0.000879233 
0.000880464 
0.000881664 
0.000882832 
0.00088397 
0.000885076 
0.000886151 
0.000887194 
0.000888206 
0.000889185 
0.000890133 
0.000891048 
0.000891931 
0.000892782 
0.0008936 
0.000894386 
0.00089514 
0.000895861 
0.000896549 
0.000897204 
0.000897827 
0.000898416 
0.000898973 
0.000899497 
0.000899989 
0.000900447 
0.000900873 
0.000901266 
0.000901626 
0.000901953 
0.000902248 
0.00090251 
0.000902739 
0.000902937 
0.000903102 
0.000903236 
0.000903338 
0.000903408 
0.000903446 
0.000903451 
0.000903424 
0.000903365 
0.000903273 
0.000903149 
0.000902993 
0.000902805 
0.000902585 
0.000902333 
0.00090205 
0.000901735 
0.000901389 
0.000901011 
0.000900603 
0.000900163 
0.000899693 
0.000899193 
0.000898662 
0.000898101 
0.00089751 
0.00089689 
0.00089624 
0.00089556 
0.000894852 
0.000894115 
0.000893349 
0.000892555 
0.000891732 
0.000890882 
0.000890004 
0.000889099 
0.000888166 
0.000887207 
0.000886221 
0.000885209 
0.000884171 
0.000883107 
0.000882019 
0.000880908 
0.000879772 
0.000878612 
0.000877428 
0.000876218 
0.000874985 
0.000873726 
0.000872443 
0.000871136 
0.000869805 
0.00086845 
0.000867072 
0.00086567 
0.000864246 
0.000862798 
0.000861328 
0.000859836 
0.000858322 
0.000856786 
0.000855229 
0.00085365 
0.000852051 
0.000850431 
0.000848792 
0.000847132 
0.000845452 
0.000843754 
0.000842036 
0.0008403 
0.000838545 
0.000836772 
0.000834981 
0.000833173 
0.000831348 
0.000829506 
0.000827647 
0.000825773 
0.000823883 
0.000821978 
0.000820058 
0.000818124 
0.000816178 
0.00081422 
0.00081225 
0.000810267 
0.00080827 
0.00080626 
0.000804236 
0.000802199 
0.000800148 
0.000798084 
0.000796006 
0.000793916 
0.000791813 
0.000789698 
0.00078757 
0.00078543 
0.000783278 
0.000781115 
0.00077894 
0.000776755 
0.000774559 
0.000772352 
0.000770135 
0.000767909 
0.000765672 
0.000763427 
0.000761172 
0.000758908 
0.000756636 
0.000754356 
0.000752067 
0.000749771 
0.000747468 
0.000745157 
0.00074284 
0.000740516 
0.000738186 
0.00073585 
0.000733509 
0.000731162 
0.000728811 
0.000726455 
0.000724096 
0.000721735 
0.000719373 
0.000717011 
0.000714648 
0.000712282 
0.000709914 
0.000707542 
0.000705167 
0.000702788 
0.000700406 
0.00069802 
0.00069563 
0.000693238 
0.000690842 
0.000688442 
0.00068604 
0.000683635 
0.000681227 
0.000678816 
0.000676403 
0.000673988 
0.000671571 
0.000669152 
0.000666731 
0.000664309 
0.000661886 
0.000659461 
0.000657036 
0.00065461 
0.000652183 
0.000649757 
0.00064733 
0.000644903 
0.000642477 
0.000640051 
0.000637626 
0.000635201 
0.000632778 
0.000630356 
0.000627935 
0.000625517 
0.0006231 
0.000620685 
0.000618273 
0.000615864 
0.000613458 
0.000611056 
0.000608657 
0.000606264 
0.000603877 
0.0006015 
0.00059913 
0.000596767 
0.000594409 
0.000592056 
0.000589708 
0.000587363 
0.000585021 
0.000582683 
0.000580348 
0.000578016 
0.000575688 
0.000573362 
0.000571039 
0.000568719 
0.000566402 
0.000564088 
0.000561778 
0.000559471 
0.000557167 
0.000554866 
0.000552569 
0.000550276 
0.000547986 
0.0005457 
0.000543418 
0.00054114 
0.000538867 
0.000536597 
0.000534332 
0.000532071 
0.000529815 
0.000527563 
0.000525316 
0.000523074 
0.000520837 
0.000518605 
0.000516379 
0.000514157 
0.000511941 
0.00050973 
0.000507525 
0.000505325 
0.000503132 
0.000500944 
0.000498762 
0.000496586 
0.000494417 
0.000492254 
0.000490097 
0.000487948 
0.000485805 
0.000483669 
0.000481542 
0.000479422 
0.00047731 
0.000475208 
0.000473116 
0.00047104 
0.000468975 
0.000466922 
0.000464878 
0.000462843 
0.000460816 
0.000458796 
0.000456783 
0.000454777 
0.000452776 
0.000450782 
