0 
3.38813e-21 
-6.77626e-21 
-6.77626e-21 
-1.35525e-20 
-6.77626e-21 
-6.77626e-21 
0 
-3.38813e-21 
0 
-6.77626e-21 
-6.77626e-21 
-3.38813e-21 
-3.38813e-21 
-3.38813e-21 
-1.01644e-20 
-3.38813e-21 
0 
-6.77626e-21 
-3.38813e-21 
-3.38813e-21 
-3.38813e-21 
0 
-3.38813e-21 
-3.38813e-21 
3.38813e-21 
-6.77626e-21 
3.38813e-21 
3.38813e-21 
-3.38813e-21 
3.38813e-21 
6.77626e-21 
6.77626e-21 
-3.38813e-21 
0 
3.38813e-21 
3.38813e-21 
0 
0 
3.38813e-21 
6.77626e-21 
3.38813e-21 
3.38813e-21 
3.38813e-21 
-3.38813e-21 
-3.38813e-21 
0 
-3.38813e-21 
0 
3.38813e-21 
3.38813e-21 
-3.38813e-21 
-0.020314 
-0.0151839 
-0.0124369 
-0.010779 
-0.00967796 
0.0114218 
0.0068834 
0.00460003 
0.00331663 
0.00252534 
0.00200045 
0.001632 
0.00136179 
0.00115669 
0.000996663 
0.000868963 
0.000765136 
0.000679374 
0.000607568 
0.00054674 
0.000494679 
0.000449719 
0.000410577 
0.000376255 
0.000345965 
0.000319078 
0.000295084 
0.000273568 
0.000254191 
0.000236668 
0.000220763 
0.000206278 
0.000193044 
0.000180917 
0.000169774 
0.00015951 
0.000150034 
0.000141264 
0.000133132 
0.000125577 
0.000118546 
0.000111989 
0.000105867 
0.000100141 
9.47779e-05 
8.97481e-05 
8.50246e-05 
8.05835e-05 
7.64031e-05 
7.24638e-05 
6.87477e-05 
6.52388e-05 
6.19223e-05 
5.87849e-05 
5.58143e-05 
5.29993e-05 
5.03298e-05 
4.77961e-05 
4.53898e-05 
4.31028e-05 
4.09277e-05 
3.88577e-05 
3.68866e-05 
3.50085e-05 
3.3218e-05 
3.15101e-05 
2.988e-05 
2.83235e-05 
2.68366e-05 
2.54154e-05 
2.40564e-05 
2.27563e-05 
2.1512e-05 
2.03207e-05 
1.91797e-05 
1.80863e-05 
1.70383e-05 
1.60334e-05 
1.50695e-05 
1.41446e-05 
1.32569e-05 
1.24045e-05 
1.15859e-05 
1.07995e-05 
1.00438e-05 
9.31747e-06 
8.61911e-06 
7.9475e-06 
7.30147e-06 
6.67991e-06 
6.08177e-06 
5.50603e-06 
4.95175e-06 
4.41802e-06 
3.904e-06 
3.40886e-06 
2.93184e-06 
2.4722e-06 
2.02923e-06 
1.60228e-06 
1.1907e-06 
7.93903e-07 
4.11304e-07 
4.23559e-08 
-3.13465e-07 
-6.56657e-07 
-9.87698e-07 
-1.30704e-06 
-1.61513e-06 
-1.91236e-06 
-2.19915e-06 
-2.47587e-06 
-2.74289e-06 
-3.00054e-06 
-3.24917e-06 
-3.48909e-06 
-3.72068e-06 
-3.94419e-06 
-4.15989e-06 
-4.36803e-06 
-4.56886e-06 
-4.76263e-06 
-4.94958e-06 
-5.12994e-06 
-5.30393e-06 
-5.47177e-06 
-5.63367e-06 
-5.78982e-06 
-5.94042e-06 
-6.08565e-06 
-6.22569e-06 
-6.36071e-06 
-6.49089e-06 
-6.61636e-06 
-6.7373e-06 
-6.85384e-06 
-6.96612e-06 
-7.07429e-06 
-7.17846e-06 
-7.27878e-06 
-7.37535e-06 
-7.4683e-06 
-7.55774e-06 
-7.64377e-06 
-7.7265e-06 
-7.80604e-06 
-7.88247e-06 
-7.95589e-06 
-8.0264e-06 
-8.09408e-06 
-8.15901e-06 
-8.22128e-06 
-8.28096e-06 
-8.33813e-06 
-8.39287e-06 
-8.44524e-06 
-8.49532e-06 
-8.54316e-06 
-8.58884e-06 
-8.63242e-06 
-8.67395e-06 
-8.7135e-06 
-8.75112e-06 
-8.78687e-06 
-8.82079e-06 
-8.85295e-06 
-8.88339e-06 
-8.91216e-06 
-8.9393e-06 
-8.96487e-06 
-8.9889e-06 
-9.01144e-06 
-9.03252e-06 
-9.0522e-06 
-9.0705e-06 
-9.08748e-06 
-9.10315e-06 
-9.11756e-06 
-9.13075e-06 
-9.14275e-06 
-9.15358e-06 
-9.16329e-06 
-9.1719e-06 
-9.17944e-06 
-9.18595e-06 
-9.19144e-06 
-9.19595e-06 
-9.19951e-06 
-9.20214e-06 
-9.20387e-06 
-9.20471e-06 
-9.2047e-06 
-9.20386e-06 
-9.20222e-06 
-9.19978e-06 
-9.19658e-06 
-9.19264e-06 
-9.18797e-06 
-9.1826e-06 
-9.17655e-06 
-9.16982e-06 
-9.16246e-06 
-9.15446e-06 
-9.14585e-06 
-9.13665e-06 
-9.12687e-06 
-9.11652e-06 
-9.10564e-06 
-9.09422e-06 
-9.08228e-06 
-9.06984e-06 
-9.05692e-06 
-9.04352e-06 
-9.02966e-06 
-9.01535e-06 
-9.00061e-06 
-8.98545e-06 
-8.96988e-06 
-8.95391e-06 
-8.93756e-06 
-8.92083e-06 
-8.90374e-06 
-8.88629e-06 
-8.8685e-06 
-8.85038e-06 
-8.83194e-06 
-8.81319e-06 
-8.79413e-06 
-8.77478e-06 
-8.75515e-06 
-8.73523e-06 
-8.71506e-06 
-8.69462e-06 
-8.67393e-06 
-8.653e-06 
-8.63184e-06 
-8.61045e-06 
-8.58884e-06 
-8.56702e-06 
-8.54499e-06 
-8.52276e-06 
-8.50035e-06 
-8.47774e-06 
-8.45496e-06 
-8.43201e-06 
-8.40889e-06 
-8.38562e-06 
-8.36219e-06 
-8.33861e-06 
-8.31488e-06 
-8.29102e-06 
-8.26703e-06 
-8.24291e-06 
-8.21868e-06 
-8.19432e-06 
-8.16985e-06 
-8.14528e-06 
-8.1206e-06 
-8.09583e-06 
-8.07096e-06 
-8.046e-06 
-8.02096e-06 
-7.99584e-06 
-7.97064e-06 
-7.94537e-06 
-7.92003e-06 
-7.89463e-06 
-7.86916e-06 
-7.84364e-06 
-7.81806e-06 
-7.79243e-06 
-7.76675e-06 
-7.74103e-06 
-7.71527e-06 
-7.68947e-06 
-7.66364e-06 
-7.63777e-06 
-7.61187e-06 
-7.58595e-06 
-7.56e-06 
-7.53404e-06 
-7.50805e-06 
-7.48205e-06 
-7.45604e-06 
-7.43001e-06 
-7.40398e-06 
-7.37794e-06 
-7.3519e-06 
-7.32585e-06 
-7.29981e-06 
-7.27377e-06 
-7.24773e-06 
-7.2217e-06 
-7.19568e-06 
-7.16967e-06 
-7.14367e-06 
-7.11769e-06 
-7.09173e-06 
-7.06578e-06 
-7.03985e-06 
-7.01394e-06 
-6.98806e-06 
-6.9622e-06 
-6.93637e-06 
-6.91056e-06 
-6.88478e-06 
-6.85904e-06 
-6.83332e-06 
-6.80764e-06 
-6.782e-06 
-6.75639e-06 
-6.73081e-06 
-6.70528e-06 
-6.67978e-06 
-6.65433e-06 
-6.62892e-06 
-6.60355e-06 
-6.57822e-06 
-6.55294e-06 
-6.52771e-06 
-6.50252e-06 
-6.47738e-06 
-6.45229e-06 
-6.42725e-06 
-6.40226e-06 
-6.37732e-06 
-6.35243e-06 
-6.3276e-06 
-6.30282e-06 
-6.2781e-06 
-6.25343e-06 
-6.22882e-06 
-6.20426e-06 
-6.17977e-06 
-6.15533e-06 
-6.13095e-06 
-6.10663e-06 
-6.08236e-06 
-6.05816e-06 
-6.03403e-06 
-6.00995e-06 
-5.98593e-06 
-5.96198e-06 
-5.93809e-06 
-5.91427e-06 
-5.89051e-06 
-5.86681e-06 
-5.84318e-06 
-5.81961e-06 
-5.79611e-06 
-5.77268e-06 
-5.74931e-06 
-5.72601e-06 
-5.70278e-06 
-5.67961e-06 
-5.65651e-06 
-5.63348e-06 
-5.61052e-06 
-5.58763e-06 
-5.5648e-06 
-5.54204e-06 
-5.51936e-06 
-5.49674e-06 
-5.47419e-06 
-5.45171e-06 
-5.4293e-06 
-5.40696e-06 
-5.38468e-06 
-5.36248e-06 
-5.34035e-06 
-5.31829e-06 
-5.29629e-06 
-5.27437e-06 
-5.25252e-06 
-5.23073e-06 
-5.20902e-06 
-5.18737e-06 
-5.1658e-06 
-5.14429e-06 
-5.12285e-06 
-5.10148e-06 
-5.08018e-06 
-5.05895e-06 
-5.03778e-06 
-5.01669e-06 
-4.99565e-06 
-4.97469e-06 
-4.95379e-06 
-4.93296e-06 
-4.91219e-06 
-4.89149e-06 
-4.87085e-06 
-4.85028e-06 
-4.82976e-06 
-4.80931e-06 
-4.78892e-06 
-4.76859e-06 
-4.74832e-06 
-4.72811e-06 
-4.70796e-06 
-4.68786e-06 
-4.66781e-06 
-4.64782e-06 
-4.62788e-06 
-4.60799e-06 
-4.58815e-06 
-4.56836e-06 
-4.54861e-06 
-4.52891e-06 
-4.50924e-06 
-4.48962e-06 
-4.47003e-06 
-4.45047e-06 
-4.43095e-06 
-4.41145e-06 
-4.39197e-06 
-4.37252e-06 
-4.35309e-06 
-4.33367e-06 
-4.31426e-06 
-4.29485e-06 
-4.27545e-06 
-4.25604e-06 
-4.23662e-06 
-4.21719e-06 
-4.19773e-06 
-4.17825e-06 
-4.15873e-06 
-4.13916e-06 
-4.11955e-06 
-4.09988e-06 
-4.08014e-06 
-4.06032e-06 
-4.04042e-06 
-4.02042e-06 
-4.0003e-06 
-3.98006e-06 
-3.95969e-06 
-3.93916e-06 
-3.91847e-06 
-3.8976e-06 
-3.87652e-06 
-3.85523e-06 
-3.8337e-06 
-3.81191e-06 
-3.78983e-06 
-3.76745e-06 
-3.74474e-06 
-3.72166e-06 
-3.6982e-06 
-3.67431e-06 
-3.64997e-06 
-3.62513e-06 
-3.59977e-06 
-3.57383e-06 
-3.54728e-06 
-3.52006e-06 
-3.49214e-06 
-3.46344e-06 
-3.43392e-06 
-3.40352e-06 
-3.37217e-06 
-3.33979e-06 
-3.30632e-06 
-3.27168e-06 
-3.23577e-06 
-3.19851e-06 
-3.1598e-06 
-3.11954e-06 
-3.07761e-06 
-3.0339e-06 
-2.98828e-06 
-2.9406e-06 
-2.89074e-06 
-2.83853e-06 
-2.78381e-06 
-2.72639e-06 
-2.66609e-06 
-2.60272e-06 
-2.53604e-06 
-2.46584e-06 
-2.39185e-06 
-2.31383e-06 
-2.23148e-06 
-2.14452e-06 
-2.0526e-06 
-1.9554e-06 
-1.85253e-06 
-1.74362e-06 
-1.62824e-06 
-1.50593e-06 
-1.37623e-06 
-1.23862e-06 
-1.09254e-06 
-9.37421e-07 
-7.72631e-07 
-5.97502e-07 
-4.11319e-07 
-2.13318e-07 
-2.68479e-09 
2.21454e-07 
4.6003e-07 
7.14039e-07 
9.84545e-07 
1.27269e-06 
1.57968e-06 
1.90682e-06 
2.2555e-06 
2.62719e-06 
3.0235e-06 
3.4461e-06 
3.89682e-06 
4.37758e-06 
4.89046e-06 
5.43766e-06 
6.02154e-06 
6.64464e-06 
7.30964e-06 
8.01943e-06 
8.77709e-06 
9.58591e-06 
1.04494e-05 
1.13713e-05 
1.23557e-05 
1.34069e-05 
1.45294e-05 
1.57281e-05 
1.70083e-05 
1.83756e-05 
1.9836e-05 
2.13958e-05 
2.30619e-05 
2.48417e-05 
2.67428e-05 
2.87737e-05 
3.09433e-05 
3.32611e-05 
3.57372e-05 
3.83827e-05 
4.1209e-05 
4.42286e-05 
4.74549e-05 
5.09019e-05 
5.45849e-05 
5.85201e-05 
6.27248e-05 
6.72174e-05 
7.20179e-05 
7.71473e-05 
8.26283e-05 
8.84849e-05 
9.4743e-05 
0.00010143 
0.000108576 
0.000116212 
0.000124371 
0.00013309 
0.000142407 
0.000152364 
0.000163003 
0.000174372 
0.000186522 
0.000199505 
0.000213379 
0.000228205 
0.000244049 
0.000260981 
0.000279074 
0.000298409 
0.000319071 
0.000341152 
0.000364749 
0.000389965 
0.000416912 
0.000445709 
0.000476484 
0.000509371 
0.000544515 
0.000582073 
0.000622209 
0.0006651 
0.000710936 
0.000759919 
0.000812265 
0.000868205 
0.000927986 
0.000991871 
0.00106014 
0.0011331 
0.00121107 
0.00129439 
0.00138343 
0.00147858 
0.00158027 
0.00168893 
0.00180506 
0.00192916 
0.00206178 
0.0022035 
0.00235495 
0.0025168 
0.00268976 
0.00287459 
0.00307211 
0.00328319 
0.00350875 
0.0037498 
0.0040074 
0.00428268 
0.00457685 
0.00489122 
0.00522716 
0.00558617 
0.00596983 
0.00637983 
0.006818 
0.00728626 
0.00778672 
0.00832161 
0.0088932 
0.00950392 
0.0101564 
0.0108536 
0.0115984 
0.0123942 
0.0132443 
0.0141527 
0.0151232 
0.0161603 
0.0172683 
0.0184521 
0.0197167 
0.0210675 
0.0225104 
0.024052 
0.025699 
0.0274581 
0.029337 
0.0313439 
0.0334878 
0.0357775 
0.0382227 
0.0408344 
0.0436237 
0.0466021 
0.0497831 
0.0531795 
0.0568063 
0.0606785 
0.0648129 
0.0692263 
0.0739377 
0.078966 
0.0843315 
0.090056 
0.0961615 
0.102671 
0.109607 
0.116994 
0.124852 
0.133203 
0.142061 
0.151439 
0.161339 
0.171749 
0.182639 
0.193954 
0.205603 
0.217446 
0.229279 
0.24082 
0.251685 
0.261377 
0.269276 
0.274645 
0.276668 
0.274521 
0.267494 
0.255143 
0.237455 
0.214956 
0.188722 
0.160247 
0.131202 
0.10316 
0.0773533 
0.0545549 
0.0350762 
0.018854 
0.00558024 
-0.0051764 
-0.0138744 
-0.0209401 
-0.0267383 
-0.031564 
-0.0356467 
-0.0391596 
-0.0422308 
-0.0449542 
-0.0473975 
-0.04961 
-0.0516273 
-0.0534755 
-0.0551739 
-0.0567369 
-0.0581759 
-0.0594997 
-0.0607157 
-0.06183 
-0.062848 
-0.0637745 
-0.0646141 
-0.0653709 
-0.0660489 
-0.066652 
-0.0671837 
-0.0676479 
-0.0680478 
-0.068387 
-0.0686688 
-0.0688965 
-0.0690732 
-0.069202 
-0.0692859 
-0.0693278 
-0.0693306 
-0.0692968 
-0.0692291 
-0.0691301 
-0.0690022 
-0.0688476 
-0.0686687 
-0.0684674 
-0.068246 
-0.0680062 
-0.06775 
-0.0674791 
-0.0671953 
-0.0669002 
-0.0665952 
-0.0662821 
-0.0659623 
-0.0656373 
-0.0653083 
-0.0649769 
-0.0646443 
-0.0643119 
-0.0639807 
-0.0636517 
-0.0633261 
-0.0630056 
-0.0626917 
-0.0623857 
-0.0620894 
-0.0618042 
-0.0615318 
-0.0612741 
-0.0610339 
-0.0608133 
-0.0606142 
-0.0604376 
-0.060285 
-0.0601588 
-0.060061 
-0.0599937 
-0.0599593 
-0.0599606 
-0.0600001 
-0.0600796 
-0.060199 
-0.0603585 
-0.0605584 
-0.0607984 
-0.0610775 
-0.0613938 
-0.0617443 
-0.0621247 
-0.0625296 
-0.0629514 
-0.0633804 
-0.0638048 
-0.0642105 
-0.0645811 
-0.0648977 
-0.0651391 
-0.0652817 
-0.0652997 
-0.0651652 
-0.0648494 
-0.0643235 
-0.0635592 
-0.06253 
-0.0612157 
-0.0596009 
-0.0576747 
-0.055437 
-0.0528986 
-0.0500847 
-0.0470315 
-0.0437835 
-0.0403934 
-0.0369219 
-0.0334338 
-0.0299931 
-0.0266596 
-0.0234849 
-0.0205102 
-0.0177657 
-0.0152698 
-0.0130304 
-0.0110447 
-0.00930281 
-0.00778884 
-0.0064837 
-0.00536601 
-0.00441434 
-0.00360765 
-0.00292618 
-0.00235191 
-0.00186882 
-0.00146281 
-0.00112171 
-0.000835062 
-0.000594015 
-0.000391104 
-0.000220064 
-7.56592e-05 
4.64793e-05 
0.00014999 
0.000237898 
0.000312724 
0.000376562 
0.000431157 
0.000477965 
0.000518202 
0.000552882 
0.000582857 
0.000608841 
0.000631433 
0.00065114 
0.000668386 
0.000683533 
0.000696884 
0.000708699 
0.000719195 
0.000728561 
0.000736954 
0.000744511 
0.000751346 
0.000757559 
0.000763233 
0.000768443 
0.000773249 
0.000777705 
0.000781857 
0.000785744 
0.0007894 
0.000792854 
0.000796132 
0.000799254 
0.000802239 
0.000805104 
0.000807862 
0.000810525 
0.000813103 
0.000815605 
0.000818038 
0.000820409 
0.000822724 
0.000824986 
0.000827201 
0.000829372 
0.000831501 
0.000833591 
0.000835645 
0.000837663 
0.000839648 
0.0008416 
0.000843521 
0.000845412 
0.000847272 
0.000849104 
0.000850906 
0.00085268 
0.000854425 
0.000856142 
0.000857831 
0.000859491 
0.000861124 
0.000862728 
0.000864304 
0.000865852 
0.000867372 
0.000868863 
0.000870325 
0.000871757 
0.00087316 
0.000874533 
0.000875877 
0.00087719 
0.000878472 
0.000879724 
0.000880946 
0.000882136 
0.000883296 
0.000884424 
0.000885521 
0.000886586 
0.00088762 
0.000888621 
0.000889591 
0.000890529 
0.000891435 
0.000892308 
0.000893149 
0.000893958 
0.000894734 
0.000895478 
0.000896189 
0.000896867 
0.000897512 
0.000898125 
0.000898705 
0.000899252 
0.000899766 
0.000900247 
0.000900696 
0.000901111 
0.000901494 
0.000901844 
0.000902161 
0.000902446 
0.000902698 
0.000902918 
0.000903106 
0.000903261 
0.000903385 
0.000903478 
0.000903538 
0.000903566 
0.000903561 
0.000903524 
0.000903455 
0.000903354 
0.00090322 
0.000903054 
0.000902856 
0.000902626 
0.000902365 
0.000902071 
0.000901747 
0.000901391 
0.000901004 
0.000900586 
0.000900137 
0.000899657 
0.000899147 
0.000898607 
0.000898037 
0.000897437 
0.000896807 
0.000896148 
0.00089546 
0.000894742 
0.000893996 
0.000893222 
0.000892419 
0.000891587 
0.000890728 
0.000889842 
0.000888928 
0.000887987 
0.000887019 
0.000886025 
0.000885005 
0.000883959 
0.000882888 
0.000881792 
0.000880673 
0.00087953 
0.000878362 
0.00087717 
0.000875953 
0.000874711 
0.000873445 
0.000872154 
0.00087084 
0.000869501 
0.000868139 
0.000866753 
0.000865344 
0.000863912 
0.000862458 
0.000860981 
0.000859481 
0.00085796 
0.000856418 
0.000854854 
0.000853269 
0.000851663 
0.000850037 
0.00084839 
0.000846724 
0.000845039 
0.000843334 
0.00084161 
0.000839868 
0.000838107 
0.000836328 
0.000834532 
0.000832718 
0.000830888 
0.00082904 
0.000827177 
0.000825297 
0.000823402 
0.000821492 
0.000819568 
0.00081763 
0.00081568 
0.000813719 
0.000811744 
0.000809757 
0.000807755 
0.000805741 
0.000803712 
0.00080167 
0.000799615 
0.000797546 
0.000795465 
0.00079337 
0.000791263 
0.000789143 
0.000787011 
0.000784867 
0.000782712 
0.000780545 
0.000778366 
0.000776177 
0.000773978 
0.000771767 
0.000769547 
0.000767317 
0.000765078 
0.000762829 
0.000760571 
0.000758304 
0.000756029 
0.000753746 
0.000751455 
0.000749157 
0.000746851 
0.000744538 
0.000742218 
0.000739892 
0.000737559 
0.000735221 
0.000732878 
0.000730529 
0.000728176 
0.000725819 
0.000723459 
0.000721097 
0.000718735 
0.000716373 
0.000714008 
0.000711642 
0.000709272 
0.000706898 
0.000704522 
0.000702142 
0.000699758 
0.000697371 
0.00069498 
0.000692586 
0.000690188 
0.000687788 
0.000685384 
0.000682978 
0.000680568 
0.000678157 
0.000675743 
0.000673327 
0.000670909 
0.000668489 
0.000666067 
0.000663644 
0.00066122 
0.000658795 
0.000656369 
0.000653943 
0.000651516 
0.000649089 
0.000646662 
0.000644235 
0.000641808 
0.000639382 
0.000636957 
0.000634532 
0.000632109 
0.000629687 
0.000627267 
0.000624849 
0.000622432 
0.000620018 
0.000617607 
0.000615198 
0.000612793 
0.000610391 
0.000607994 
0.000605602 
0.000603217 
0.000600841 
0.000598474 
0.000596112 
0.000593756 
0.000591404 
0.000589056 
0.000586712 
0.000584371 
0.000582034 
0.0005797 
0.000577368 
0.00057504 
0.000572715 
0.000570393 
0.000568073 
0.000565757 
0.000563444 
0.000561134 
0.000558828 
0.000556525 
0.000554225 
0.000551929 
0.000549636 
0.000547347 
0.000545062 
0.000542782 
0.000540505 
0.000538232 
0.000535963 
0.000533699 
0.00053144 
0.000529184 
0.000526934 
0.000524688 
0.000522448 
0.000520212 
0.000517981 
0.000515756 
0.000513535 
0.000511321 
0.000509111 
0.000506907 
0.000504709 
0.000502517 
0.000500331 
0.000498151 
0.000495977 
0.000493809 
0.000491647 
0.000489493 
0.000487345 
0.000485204 
0.000483071 
0.000480945 
0.000478827 
0.000476718 
0.000474619 
0.000472531 
0.000470458 
0.000468397 
0.000466346 
0.000464305 
0.000462272 
0.000460247 
0.000458229 
0.000456218 
0.000454213 
0.000452215 
0.000450222 
0.000448236 
0.000446255 
0.00044428 
0.00044231 
0.000440346 
0.000438387 
0.000436434 
0.000434486 
0.000432544 
0.000430607 
0.000428676 
0.00042675 
0.00042483 
0.000422915 
0.000421006 
0.000419103 
0.000417205 
