0 
-2.37169e-20 
-1.69407e-20 
-1.01644e-20 
-1.01644e-20 
-1.35525e-20 
-1.35525e-20 
-6.77626e-21 
-3.38813e-21 
-6.77626e-21 
-6.77626e-21 
0 
-6.77626e-21 
-3.38813e-21 
-3.38813e-21 
-3.38813e-21 
-6.77626e-21 
-1.69407e-20 
0 
3.38813e-21 
0 
-1.69407e-20 
-2.03288e-20 
3.38813e-21 
-3.38813e-21 
-2.37169e-20 
0 
-1.35525e-20 
3.38813e-21 
-1.01644e-20 
-3.38813e-21 
0 
-1.01644e-20 
0 
-3.38813e-21 
0 
-3.38813e-21 
-3.38813e-21 
3.38813e-21 
6.77626e-21 
-3.38813e-21 
-1.01644e-20 
-3.38813e-21 
-1.35525e-20 
3.38813e-21 
0 
0 
3.38813e-21 
6.77626e-21 
-6.77626e-21 
-3.38813e-21 
-6.77626e-21 
-0.00511045 
-0.00381824 
-0.00312696 
-0.00270999 
-0.00243316 
0.00287484 
0.00173138 
0.00115666 
0.000833826 
0.000634859 
0.000502906 
0.000410295 
0.000342384 
0.00029084 
0.000250626 
0.000218535 
0.000192444 
0.000170893 
0.000152847 
0.00013756 
0.000124476 
0.000113175 
0.000103336 
9.47081e-05 
8.70929e-05 
8.03323e-05 
7.42987e-05 
6.88879e-05 
6.40141e-05 
5.96064e-05 
5.56053e-05 
5.1961e-05 
4.8631e-05 
4.55794e-05 
4.27753e-05 
4.01921e-05 
3.78067e-05 
3.55993e-05 
3.35522e-05 
3.16502e-05 
2.98798e-05 
2.82291e-05 
2.66875e-05 
2.52457e-05 
2.38952e-05 
2.26286e-05 
2.14392e-05 
2.03209e-05 
1.92682e-05 
1.82763e-05 
1.73406e-05 
1.64572e-05 
1.56222e-05 
1.48325e-05 
1.40848e-05 
1.33764e-05 
1.27048e-05 
1.20675e-05 
1.14625e-05 
1.08879e-05 
1.03421e-05 
9.823e-06 
9.32906e-06 
8.85865e-06 
8.41034e-06 
7.98282e-06 
7.57487e-06 
7.18536e-06 
6.81324e-06 
6.45756e-06 
6.1174e-06 
5.79193e-06 
5.48037e-06 
5.182e-06 
4.89612e-06 
4.6221e-06 
4.35935e-06 
4.1073e-06 
3.86543e-06 
3.63325e-06 
3.41029e-06 
3.19611e-06 
2.99031e-06 
2.7925e-06 
2.60231e-06 
2.4194e-06 
2.24344e-06 
2.07412e-06 
1.91116e-06 
1.75428e-06 
1.60321e-06 
1.45772e-06 
1.31756e-06 
1.18251e-06 
1.05237e-06 
9.26931e-07 
8.06002e-07 
6.89403e-07 
5.76962e-07 
4.68514e-07 
3.63904e-07 
2.62983e-07 
1.65608e-07 
7.16444e-08 
-1.9037e-08 
-1.0656e-07 
-1.91041e-07 
-2.72594e-07 
-3.51325e-07 
-4.27338e-07 
-5.00731e-07 
-5.71598e-07 
-6.40029e-07 
-7.0611e-07 
-7.69923e-07 
-8.31549e-07 
-8.91063e-07 
-9.48537e-07 
-1.00404e-06 
-1.05764e-06 
-1.10941e-06 
-1.15939e-06 
-1.20766e-06 
-1.25427e-06 
-1.29928e-06 
-1.34273e-06 
-1.38468e-06 
-1.42517e-06 
-1.46426e-06 
-1.50199e-06 
-1.53839e-06 
-1.57353e-06 
-1.60742e-06 
-1.64012e-06 
-1.67166e-06 
-1.70208e-06 
-1.7314e-06 
-1.75968e-06 
-1.78692e-06 
-1.81318e-06 
-1.83848e-06 
-1.86284e-06 
-1.8863e-06 
-1.90888e-06 
-1.93061e-06 
-1.95151e-06 
-1.97162e-06 
-1.99094e-06 
-2.00951e-06 
-2.02735e-06 
-2.04448e-06 
-2.06092e-06 
-2.07668e-06 
-2.0918e-06 
-2.10628e-06 
-2.12015e-06 
-2.13343e-06 
-2.14612e-06 
-2.15825e-06 
-2.16983e-06 
-2.18089e-06 
-2.19142e-06 
-2.20146e-06 
-2.211e-06 
-2.22007e-06 
-2.22869e-06 
-2.23685e-06 
-2.24458e-06 
-2.25188e-06 
-2.25877e-06 
-2.26527e-06 
-2.27137e-06 
-2.2771e-06 
-2.28246e-06 
-2.28746e-06 
-2.29211e-06 
-2.29642e-06 
-2.30041e-06 
-2.30407e-06 
-2.30743e-06 
-2.31048e-06 
-2.31323e-06 
-2.3157e-06 
-2.3179e-06 
-2.31982e-06 
-2.32147e-06 
-2.32287e-06 
-2.32403e-06 
-2.32494e-06 
-2.32561e-06 
-2.32605e-06 
-2.32627e-06 
-2.32628e-06 
-2.32607e-06 
-2.32565e-06 
-2.32504e-06 
-2.32423e-06 
-2.32324e-06 
-2.32206e-06 
-2.3207e-06 
-2.31917e-06 
-2.31747e-06 
-2.3156e-06 
-2.31357e-06 
-2.31139e-06 
-2.30906e-06 
-2.30658e-06 
-2.30396e-06 
-2.3012e-06 
-2.29831e-06 
-2.29528e-06 
-2.29213e-06 
-2.28885e-06 
-2.28545e-06 
-2.28194e-06 
-2.27831e-06 
-2.27458e-06 
-2.27073e-06 
-2.26678e-06 
-2.26274e-06 
-2.25859e-06 
-2.25435e-06 
-2.25001e-06 
-2.24559e-06 
-2.24108e-06 
-2.23648e-06 
-2.23181e-06 
-2.22705e-06 
-2.22222e-06 
-2.21731e-06 
-2.21234e-06 
-2.20729e-06 
-2.20217e-06 
-2.19699e-06 
-2.19174e-06 
-2.18644e-06 
-2.18107e-06 
-2.17565e-06 
-2.17017e-06 
-2.16464e-06 
-2.15905e-06 
-2.15342e-06 
-2.14773e-06 
-2.142e-06 
-2.13623e-06 
-2.13041e-06 
-2.12455e-06 
-2.11865e-06 
-2.11271e-06 
-2.10673e-06 
-2.10072e-06 
-2.09467e-06 
-2.08859e-06 
-2.08248e-06 
-2.07633e-06 
-2.07016e-06 
-2.06396e-06 
-2.05773e-06 
-2.05147e-06 
-2.0452e-06 
-2.03889e-06 
-2.03257e-06 
-2.02622e-06 
-2.01986e-06 
-2.01347e-06 
-2.00707e-06 
-2.00065e-06 
-1.99421e-06 
-1.98776e-06 
-1.98129e-06 
-1.97481e-06 
-1.96832e-06 
-1.96181e-06 
-1.95529e-06 
-1.94877e-06 
-1.94223e-06 
-1.93569e-06 
-1.92913e-06 
-1.92257e-06 
-1.91601e-06 
-1.90943e-06 
-1.90286e-06 
-1.89627e-06 
-1.88969e-06 
-1.8831e-06 
-1.87651e-06 
-1.86991e-06 
-1.86332e-06 
-1.85672e-06 
-1.85013e-06 
-1.84353e-06 
-1.83694e-06 
-1.83034e-06 
-1.82375e-06 
-1.81716e-06 
-1.81058e-06 
-1.80399e-06 
-1.79741e-06 
-1.79084e-06 
-1.78427e-06 
-1.7777e-06 
-1.77115e-06 
-1.76459e-06 
-1.75805e-06 
-1.7515e-06 
-1.74497e-06 
-1.73845e-06 
-1.73193e-06 
-1.72542e-06 
-1.71892e-06 
-1.71243e-06 
-1.70594e-06 
-1.69947e-06 
-1.69301e-06 
-1.68655e-06 
-1.68011e-06 
-1.67368e-06 
-1.66726e-06 
-1.66085e-06 
-1.65445e-06 
-1.64806e-06 
-1.64169e-06 
-1.63533e-06 
-1.62898e-06 
-1.62264e-06 
-1.61632e-06 
-1.61001e-06 
-1.60371e-06 
-1.59742e-06 
-1.59115e-06 
-1.5849e-06 
-1.57866e-06 
-1.57243e-06 
-1.56622e-06 
-1.56002e-06 
-1.55383e-06 
-1.54766e-06 
-1.54151e-06 
-1.53537e-06 
-1.52925e-06 
-1.52314e-06 
-1.51705e-06 
-1.51097e-06 
-1.50491e-06 
-1.49887e-06 
-1.49284e-06 
-1.48683e-06 
-1.48084e-06 
-1.47486e-06 
-1.46889e-06 
-1.46295e-06 
-1.45702e-06 
-1.45111e-06 
-1.44521e-06 
-1.43933e-06 
-1.43347e-06 
-1.42763e-06 
-1.4218e-06 
-1.41599e-06 
-1.41019e-06 
-1.40442e-06 
-1.39866e-06 
-1.39292e-06 
-1.38719e-06 
-1.38148e-06 
-1.37579e-06 
-1.37012e-06 
-1.36446e-06 
-1.35882e-06 
-1.3532e-06 
-1.3476e-06 
-1.34201e-06 
-1.33644e-06 
-1.33089e-06 
-1.32535e-06 
-1.31983e-06 
-1.31433e-06 
-1.30884e-06 
-1.30337e-06 
-1.29792e-06 
-1.29248e-06 
-1.28706e-06 
-1.28165e-06 
-1.27626e-06 
-1.27089e-06 
-1.26553e-06 
-1.26019e-06 
-1.25486e-06 
-1.24955e-06 
-1.24425e-06 
-1.23896e-06 
-1.23369e-06 
-1.22843e-06 
-1.22319e-06 
-1.21796e-06 
-1.21274e-06 
-1.20754e-06 
-1.20234e-06 
-1.19716e-06 
-1.19198e-06 
-1.18682e-06 
-1.18167e-06 
-1.17652e-06 
-1.17138e-06 
-1.16625e-06 
-1.16113e-06 
-1.15601e-06 
-1.1509e-06 
-1.14579e-06 
-1.14068e-06 
-1.13558e-06 
-1.13047e-06 
-1.12537e-06 
-1.12026e-06 
-1.11515e-06 
-1.11003e-06 
-1.10491e-06 
-1.09977e-06 
-1.09463e-06 
-1.08948e-06 
-1.08431e-06 
-1.07912e-06 
-1.07391e-06 
-1.06868e-06 
-1.06343e-06 
-1.05815e-06 
-1.05284e-06 
-1.04749e-06 
-1.04211e-06 
-1.03668e-06 
-1.03121e-06 
-1.02569e-06 
-1.02011e-06 
-1.01447e-06 
-1.00877e-06 
-1.003e-06 
-9.97145e-07 
-9.91209e-07 
-9.85182e-07 
-9.79056e-07 
-9.72823e-07 
-9.66476e-07 
-9.60004e-07 
-9.53398e-07 
-9.46647e-07 
-9.3974e-07 
-9.32666e-07 
-9.25411e-07 
-9.17962e-07 
-9.10305e-07 
-9.02423e-07 
-8.94301e-07 
-8.85919e-07 
-8.77261e-07 
-8.68304e-07 
-8.59028e-07 
-8.4941e-07 
-8.39424e-07 
-8.29044e-07 
-8.18242e-07 
-8.06988e-07 
-7.9525e-07 
-7.82992e-07 
-7.70179e-07 
-7.56771e-07 
-7.42725e-07 
-7.27997e-07 
-7.12539e-07 
-6.963e-07 
-6.79224e-07 
-6.61253e-07 
-6.42325e-07 
-6.22372e-07 
-6.01323e-07 
-5.79101e-07 
-5.55626e-07 
-5.30809e-07 
-5.04557e-07 
-4.76771e-07 
-4.47343e-07 
-4.16161e-07 
-3.83103e-07 
-3.48038e-07 
-3.10828e-07 
-2.71324e-07 
-2.29367e-07 
-1.84789e-07 
-1.37406e-07 
-8.70274e-08 
-3.34445e-08 
2.35635e-08 
8.4233e-08 
1.48816e-07 
2.17584e-07 
2.90824e-07 
3.68844e-07 
4.51974e-07 
5.40567e-07 
6.34998e-07 
7.3567e-07 
8.43011e-07 
9.57482e-07 
1.07957e-06 
1.20981e-06 
1.34875e-06 
1.49699e-06 
1.65518e-06 
1.824e-06 
2.00417e-06 
2.19649e-06 
2.40178e-06 
2.62094e-06 
2.85491e-06 
3.10473e-06 
3.37148e-06 
3.65632e-06 
3.96049e-06 
4.28533e-06 
4.63226e-06 
5.00278e-06 
5.39854e-06 
5.82125e-06 
6.27277e-06 
6.75509e-06 
7.27031e-06 
7.8207e-06 
8.40867e-06 
9.03681e-06 
9.70788e-06 
1.04248e-05 
1.11908e-05 
1.20092e-05 
1.28835e-05 
1.38177e-05 
1.48159e-05 
1.58824e-05 
1.70219e-05 
1.82395e-05 
1.95405e-05 
2.09307e-05 
2.24161e-05 
2.40034e-05 
2.56994e-05 
2.75118e-05 
2.94484e-05 
3.15179e-05 
3.37292e-05 
3.60923e-05 
3.86174e-05 
4.13158e-05 
4.41993e-05 
4.72807e-05 
5.05734e-05 
5.40922e-05 
5.78524e-05 
6.18707e-05 
6.61647e-05 
7.07535e-05 
7.56572e-05 
8.08976e-05 
8.64976e-05 
9.24821e-05 
9.88773e-05 
0.000105712 
0.000113015 
0.00012082 
0.000129161 
0.000138074 
0.0001476 
0.000157779 
0.000168657 
0.000180282 
0.000192706 
0.000205982 
0.00022017 
0.000235332 
0.000251535 
0.000268851 
0.000287356 
0.000307132 
0.000328265 
0.000350849 
0.000374985 
0.000400777 
0.000428341 
0.000457797 
0.000489276 
0.000522917 
0.000558867 
0.000597286 
0.000638344 
0.00068222 
0.000729109 
0.000779218 
0.000832767 
0.000889994 
0.000951149 
0.0010165 
0.00108635 
0.00116098 
0.00124075 
0.00132598 
0.00141708 
0.00151442 
0.00161845 
0.00172962 
0.00184842 
0.00197538 
0.00211106 
0.00225605 
0.00241099 
0.00257657 
0.00275352 
0.00294261 
0.00314468 
0.00336063 
0.00359139 
0.003838 
0.00410154 
0.00438316 
0.00468412 
0.00500573 
0.00534943 
0.00571672 
0.00610922 
0.00652868 
0.00697695 
0.00745603 
0.00796805 
0.00851527 
0.0091 
0.00972476 
0.0103923 
0.0111054 
0.0118674 
0.0126814 
0.0135511 
0.0144803 
0.0154732 
0.0165341 
0.0176676 
0.0188785 
0.020172 
0.0215538 
0.0230298 
0.0246068 
0.0262913 
0.0280907 
0.0300125 
0.0320653 
0.0342581 
0.0366 
0.0391009 
0.0417724 
0.0446251 
0.0476715 
0.0509248 
0.0543984 
0.0581078 
0.0620678 
0.066296 
0.0708093 
0.0756269 
0.0807687 
0.086255 
0.0921076 
0.0983491 
0.105002 
0.11209 
0.119636 
0.12766 
0.136183 
0.14522 
0.154777 
0.164854 
0.175433 
0.186477 
0.197919 
0.209654 
0.221521 
0.233291 
0.244651 
0.25518 
0.264338 
0.271463 
0.275787 
0.276479 
0.27274 
0.263929 
0.249734 
0.230317 
0.2064 
0.179219 
0.150359 
0.121491 
0.0940921 
0.0692463 
0.0475639 
0.0292153 
0.0140398 
0.00167345 
-0.00833242 
-0.0164303 
-0.0230276 
-0.0284656 
-0.0330161 
-0.0368881 
-0.0402384 
-0.0431822 
-0.0458036 
-0.0481635 
-0.050306 
-0.052263 
-0.054058 
-0.0557086 
-0.0572281 
-0.0586266 
-0.0599125 
-0.0610929 
-0.0621735 
-0.0631594 
-0.0640555 
-0.064866 
-0.0655951 
-0.0662466 
-0.0668245 
-0.0673324 
-0.0677738 
-0.0681523 
-0.0684712 
-0.0687338 
-0.0689434 
-0.0691031 
-0.0692159 
-0.0692849 
-0.0693129 
-0.0693026 
-0.0692568 
-0.069178 
-0.0690687 
-0.0689312 
-0.068768 
-0.068581 
-0.0683726 
-0.0681445 
-0.0678989 
-0.0676374 
-0.0673619 
-0.0670739 
-0.0667752 
-0.0664673 
-0.0661516 
-0.0658296 
-0.0655027 
-0.0651723 
-0.0648395 
-0.0645058 
-0.0641725 
-0.0638407 
-0.0635123 
-0.0631888 
-0.0628716 
-0.0625624 
-0.0622617 
-0.0619709 
-0.0616917 
-0.0614256 
-0.0611746 
-0.0609405 
-0.0607253 
-0.060531 
-0.0603609 
-0.0602175 
-0.0601028 
-0.0600176 
-0.0599638 
-0.0599432 
-0.0599577 
-0.0600094 
-0.0600996 
-0.0602307 
-0.060404 
-0.0606194 
-0.0608752 
-0.0611695 
-0.0614997 
-0.0618625 
-0.062253 
-0.0626647 
-0.0630896 
-0.0635175 
-0.0639361 
-0.0643308 
-0.0646843 
-0.064977 
-0.0651868 
-0.065289 
-0.0652572 
-0.0650633 
-0.0646777 
-0.0640718 
-0.0632196 
-0.062096 
-0.0606797 
-0.0589566 
-0.0569205 
-0.0545782 
-0.0519459 
-0.0490477 
-0.0459209 
-0.0426142 
-0.0391852 
-0.0356984 
-0.0322188 
-0.0288089 
-0.0255253 
-0.0224167 
-0.0195214 
-0.016864 
-0.0144585 
-0.0123093 
-0.0104107 
-0.00875076 
-0.00731218 
-0.00607504 
-0.00501776 
-0.00411898 
-0.00335808 
-0.00271585 
-0.00217501 
-0.00172021 
-0.00133805 
-0.00101696 
-0.000747068 
-0.000520033 
-0.000328829 
-0.000167569 
-3.13357e-05 
8.39714e-05 
0.000181764 
0.000264883 
0.000335688 
0.000396148 
0.000447899 
0.00049231 
0.00053052 
0.000563487 
0.000592009 
0.00061676 
0.000638304 
0.000657117 
0.000673602 
0.000688098 
0.000700893 
0.00071223 
0.000722318 
0.000731332 
0.000739424 
0.00074672 
0.000753331 
0.000759349 
0.000764857 
0.000769921 
0.000774601 
0.000778948 
0.000783005 
0.000786809 
0.000790393 
0.000793784 
0.000797006 
0.000800079 
0.000803021 
0.000805848 
0.000808572 
0.000811204 
0.000813755 
0.000816233 
0.000818644 
0.000820995 
0.000823291 
0.000825537 
0.000827736 
0.000829892 
0.000832008 
0.000834085 
0.000836126 
0.000838133 
0.000840106 
0.000842048 
0.000843958 
0.000845838 
0.000847688 
0.00084951 
0.000851302 
0.000853066 
0.000854801 
0.000856508 
0.000858187 
0.000859838 
0.000861461 
0.000863056 
0.000864622 
0.000866161 
0.00086767 
0.000869151 
0.000870603 
0.000872025 
0.000873418 
0.00087478 
0.000876113 
0.000877416 
0.000878688 
0.00087993 
0.00088114 
0.00088232 
0.000883469 
0.000884586 
0.000885672 
0.000886727 
0.000887749 
0.00088874 
0.000889699 
0.000890626 
0.000891521 
0.000892383 
0.000893213 
0.000894011 
0.000894776 
0.000895508 
0.000896208 
0.000896875 
0.000897509 
0.000898111 
0.000898679 
0.000899215 
0.000899718 
0.000900188 
0.000900625 
0.00090103 
0.000901402 
0.000901741 
0.000902047 
0.000902321 
0.000902562 
0.000902771 
0.000902947 
0.000903092 
0.000903206 
0.000903287 
0.000903336 
0.000903353 
0.000903338 
0.00090329 
0.00090321 
0.000903098 
0.000902953 
0.000902776 
0.000902568 
0.000902327 
0.000902055 
0.000901751 
0.000901416 
0.00090105 
0.000900652 
0.000900224 
0.000899765 
0.000899275 
0.000898755 
0.000898205 
0.000897625 
0.000897015 
0.000896376 
0.000895707 
0.000895009 
0.000894282 
0.000893526 
0.000892742 
0.00089193 
0.000891089 
0.000890221 
0.000889326 
0.000888403 
0.000887453 
0.000886477 
0.000885474 
0.000884445 
0.000883391 
0.000882312 
0.000881209 
0.000880082 
0.000878931 
0.000877755 
0.000876554 
0.000875329 
0.00087408 
0.000872806 
0.000871507 
0.000870185 
0.000868839 
0.000867469 
0.000866075 
0.000864659 
0.00086322 
0.000861758 
0.000860273 
0.000858767 
0.000857239 
0.000855689 
0.000854119 
0.000852527 
0.000850915 
0.000849282 
0.00084763 
0.000845957 
0.000844266 
0.000842555 
0.000840825 
0.000839077 
0.000837311 
0.000835526 
0.000833724 
0.000831905 
0.000830069 
0.000828217 
0.000826348 
0.000824464 
0.000822564 
0.00082065 
0.000818721 
0.000816779 
0.000814826 
0.000812861 
0.000810883 
0.000808891 
0.000806886 
0.000804867 
0.000802834 
0.000800788 
0.000798729 
0.000796657 
0.000794571 
0.000792473 
0.000790362 
0.000788238 
0.000786103 
0.000783955 
0.000781796 
0.000779626 
0.000777445 
0.000775253 
0.00077305 
0.000770837 
0.000768614 
0.000766381 
0.000764139 
0.000761887 
0.000759627 
0.000757358 
0.000755081 
0.000752796 
0.000750503 
0.000748202 
0.000745894 
0.000743579 
0.000741258 
0.00073893 
0.000736597 
0.000734257 
0.000731913 
0.000729563 
0.000727209 
0.000724852 
0.000722491 
0.000720129 
0.000717768 
0.000715406 
0.000713041 
0.000710674 
0.000708303 
0.00070593 
0.000703552 
0.000701172 
0.000698787 
0.0006964 
0.000694008 
0.000691614 
0.000689216 
0.000686815 
0.000684411 
0.000682004 
0.000679594 
0.000677182 
0.000674768 
0.000672352 
0.000669934 
0.000667514 
0.000665093 
0.00066267 
0.000660246 
0.000657821 
0.000655396 
0.00065297 
0.000650543 
0.000648117 
0.00064569 
0.000643264 
0.000640838 
0.000638413 
0.000635988 
0.000633565 
0.000631143 
0.000628722 
0.000626303 
0.000623886 
0.000621471 
0.000619058 
0.000616648 
0.000614241 
0.000611837 
0.000609438 
0.000607043 
0.000604653 
0.000602272 
0.0005999 
0.000597535 
0.000595176 
0.000592822 
0.000590472 
0.000588126 
0.000585784 
0.000583445 
0.000581109 
0.000578777 
0.000576447 
0.00057412 
0.000571797 
0.000569476 
0.000567158 
0.000564844 
0.000562532 
0.000560224 
0.000557919 
0.000555618 
0.00055332 
0.000551025 
0.000548734 
0.000546447 
0.000544164 
0.000541885 
0.00053961 
0.000537339 
0.000535073 
0.000532811 
0.000530553 
0.0005283 
0.000526052 
0.000523809 
0.00052157 
0.000519336 
0.000517108 
0.000514885 
0.000512667 
0.000510454 
0.000508247 
0.000506046 
0.00050385 
0.000501661 
0.000499477 
0.000497299 
0.000495128 
0.000492963 
0.000490804 
0.000488652 
0.000486507 
0.00048437 
0.000482239 
0.000480117 
0.000478002 
0.000475897 
0.000473801 
0.000471719 
0.000469651 
0.000467594 
0.000465547 
0.000463509 
0.00046148 
0.000459457 
0.000457442 
0.000455434 
0.000453432 
0.000451436 
0.000449446 
0.000447462 
0.000445483 
0.00044351 
0.000441543 
0.000439581 
0.000437625 
