0 
1.01644e-20 
-6.77626e-21 
-6.77626e-21 
-1.35525e-20 
3.38813e-21 
-6.77626e-21 
-1.01644e-20 
-3.38813e-21 
3.38813e-21 
0 
-6.77626e-21 
-3.38813e-21 
3.38813e-21 
-1.01644e-20 
-6.77626e-21 
0 
0 
-6.77626e-21 
-1.01644e-20 
-6.77626e-21 
-6.77626e-21 
0 
-6.77626e-21 
3.38813e-21 
0 
-3.38813e-21 
1.01644e-20 
0 
-3.38813e-21 
6.77626e-21 
6.77626e-21 
6.77626e-21 
-3.38813e-21 
6.77626e-21 
0 
3.38813e-21 
0 
0 
3.38813e-21 
3.38813e-21 
6.77626e-21 
0 
3.38813e-21 
-3.38813e-21 
-6.77626e-21 
0 
0 
0 
3.38813e-21 
-3.38813e-21 
-3.38813e-21 
-0.00255742 
-0.00191062 
-0.00156466 
-0.001356 
-0.00121748 
0.0014388 
0.000866433 
0.0005788 
0.00041725 
0.00031769 
0.000251666 
0.000205329 
0.000171351 
0.000145562 
0.000125442 
0.000109388 
9.63343e-05 
8.55522e-05 
7.65245e-05 
6.88766e-05 
6.23309e-05 
5.66775e-05 
5.17555e-05 
4.74394e-05 
4.363e-05 
4.02482e-05 
3.72302e-05 
3.45239e-05 
3.20863e-05 
2.9882e-05 
2.78813e-05 
2.60592e-05 
2.43946e-05 
2.28696e-05 
2.14688e-05 
2.01792e-05 
1.8989e-05 
1.7888e-05 
1.68672e-05 
1.59188e-05 
1.50362e-05 
1.42132e-05 
1.34445e-05 
1.27255e-05 
1.2052e-05 
1.14201e-05 
1.08265e-05 
1.02682e-05 
9.74254e-06 
9.24698e-06 
8.77931e-06 
8.33752e-06 
7.91977e-06 
7.52439e-06 
7.14985e-06 
6.79476e-06 
6.45784e-06 
6.1379e-06 
5.83388e-06 
5.54477e-06 
5.26966e-06 
5.0077e-06 
4.75811e-06 
4.52015e-06 
4.29317e-06 
4.07653e-06 
3.86964e-06 
3.67198e-06 
3.48304e-06 
3.30234e-06 
3.12945e-06 
2.96396e-06 
2.80548e-06 
2.65365e-06 
2.50815e-06 
2.36864e-06 
2.23484e-06 
2.10647e-06 
1.98326e-06 
1.86496e-06 
1.75136e-06 
1.64221e-06 
1.53733e-06 
1.43651e-06 
1.33958e-06 
1.24635e-06 
1.15666e-06 
1.07036e-06 
9.87295e-07 
9.07331e-07 
8.30335e-07 
7.5618e-07 
6.84747e-07 
6.15924e-07 
5.49602e-07 
4.8568e-07 
4.24061e-07 
3.64651e-07 
3.07364e-07 
2.52116e-07 
1.98826e-07 
1.47419e-07 
9.78226e-08 
4.9967e-08 
3.78653e-09 
-4.07819e-08 
-8.37983e-08 
-1.2532e-07 
-1.65403e-07 
-2.04099e-07 
-2.41458e-07 
-2.77528e-07 
-3.12356e-07 
-3.45986e-07 
-3.78459e-07 
-4.09817e-07 
-4.40098e-07 
-4.6934e-07 
-4.97577e-07 
-5.24845e-07 
-5.51177e-07 
-5.76603e-07 
-6.01154e-07 
-6.24859e-07 
-6.47747e-07 
-6.69844e-07 
-6.91176e-07 
-7.11768e-07 
-7.31644e-07 
-7.50827e-07 
-7.69339e-07 
-7.87201e-07 
-8.04435e-07 
-8.21059e-07 
-8.37094e-07 
-8.52557e-07 
-8.67467e-07 
-8.81839e-07 
-8.95692e-07 
-9.0904e-07 
-9.219e-07 
-9.34285e-07 
-9.46211e-07 
-9.57691e-07 
-9.68739e-07 
-9.79367e-07 
-9.89588e-07 
-9.99414e-07 
-1.00886e-06 
-1.01793e-06 
-1.02664e-06 
-1.035e-06 
-1.04301e-06 
-1.0507e-06 
-1.05807e-06 
-1.06512e-06 
-1.07188e-06 
-1.07834e-06 
-1.08451e-06 
-1.0904e-06 
-1.09603e-06 
-1.10139e-06 
-1.1065e-06 
-1.11136e-06 
-1.11598e-06 
-1.12037e-06 
-1.12453e-06 
-1.12847e-06 
-1.1322e-06 
-1.13571e-06 
-1.13902e-06 
-1.14214e-06 
-1.14506e-06 
-1.1478e-06 
-1.15036e-06 
-1.15274e-06 
-1.15494e-06 
-1.15699e-06 
-1.15886e-06 
-1.16059e-06 
-1.16215e-06 
-1.16357e-06 
-1.16485e-06 
-1.16598e-06 
-1.16697e-06 
-1.16783e-06 
-1.16857e-06 
-1.16917e-06 
-1.16965e-06 
-1.17002e-06 
-1.17026e-06 
-1.1704e-06 
-1.17042e-06 
-1.17034e-06 
-1.17015e-06 
-1.16986e-06 
-1.16947e-06 
-1.16899e-06 
-1.16841e-06 
-1.16775e-06 
-1.16699e-06 
-1.16615e-06 
-1.16523e-06 
-1.16422e-06 
-1.16314e-06 
-1.16198e-06 
-1.16075e-06 
-1.15944e-06 
-1.15807e-06 
-1.15662e-06 
-1.15511e-06 
-1.15354e-06 
-1.1519e-06 
-1.1502e-06 
-1.14844e-06 
-1.14662e-06 
-1.14475e-06 
-1.14283e-06 
-1.14085e-06 
-1.13882e-06 
-1.13674e-06 
-1.13462e-06 
-1.13244e-06 
-1.13022e-06 
-1.12796e-06 
-1.12566e-06 
-1.12331e-06 
-1.12092e-06 
-1.1185e-06 
-1.11603e-06 
-1.11353e-06 
-1.111e-06 
-1.10843e-06 
-1.10583e-06 
-1.10319e-06 
-1.10052e-06 
-1.09783e-06 
-1.0951e-06 
-1.09235e-06 
-1.08957e-06 
-1.08676e-06 
-1.08393e-06 
-1.08107e-06 
-1.07819e-06 
-1.07529e-06 
-1.07236e-06 
-1.06942e-06 
-1.06645e-06 
-1.06346e-06 
-1.06046e-06 
-1.05743e-06 
-1.05439e-06 
-1.05133e-06 
-1.04826e-06 
-1.04517e-06 
-1.04206e-06 
-1.03894e-06 
-1.03581e-06 
-1.03267e-06 
-1.02951e-06 
-1.02634e-06 
-1.02315e-06 
-1.01996e-06 
-1.01676e-06 
-1.01355e-06 
-1.01032e-06 
-1.00709e-06 
-1.00385e-06 
-1.00061e-06 
-9.97352e-07 
-9.94091e-07 
-9.90824e-07 
-9.8755e-07 
-9.8427e-07 
-9.80986e-07 
-9.77696e-07 
-9.74402e-07 
-9.71104e-07 
-9.67803e-07 
-9.64498e-07 
-9.6119e-07 
-9.57879e-07 
-9.54566e-07 
-9.51251e-07 
-9.47935e-07 
-9.44617e-07 
-9.41298e-07 
-9.37979e-07 
-9.34659e-07 
-9.31338e-07 
-9.28018e-07 
-9.24699e-07 
-9.2138e-07 
-9.18062e-07 
-9.14745e-07 
-9.11429e-07 
-9.08116e-07 
-9.04804e-07 
-9.01494e-07 
-8.98187e-07 
-8.94882e-07 
-8.9158e-07 
-8.88281e-07 
-8.84985e-07 
-8.81692e-07 
-8.78403e-07 
-8.75118e-07 
-8.71837e-07 
-8.6856e-07 
-8.65287e-07 
-8.62018e-07 
-8.58755e-07 
-8.55496e-07 
-8.52242e-07 
-8.48993e-07 
-8.45749e-07 
-8.42511e-07 
-8.39278e-07 
-8.36051e-07 
-8.32829e-07 
-8.29614e-07 
-8.26404e-07 
-8.23201e-07 
-8.20004e-07 
-8.16814e-07 
-8.13629e-07 
-8.10452e-07 
-8.07281e-07 
-8.04117e-07 
-8.0096e-07 
-7.9781e-07 
-7.94667e-07 
-7.91532e-07 
-7.88403e-07 
-7.85282e-07 
-7.82168e-07 
-7.79062e-07 
-7.75964e-07 
-7.72873e-07 
-7.6979e-07 
-7.66714e-07 
-7.63647e-07 
-7.60587e-07 
-7.57536e-07 
-7.54492e-07 
-7.51456e-07 
-7.48429e-07 
-7.4541e-07 
-7.42399e-07 
-7.39396e-07 
-7.36402e-07 
-7.33416e-07 
-7.30438e-07 
-7.27469e-07 
-7.24508e-07 
-7.21555e-07 
-7.18611e-07 
-7.15676e-07 
-7.12749e-07 
-7.0983e-07 
-7.06921e-07 
-7.04019e-07 
-7.01126e-07 
-6.98242e-07 
-6.95366e-07 
-6.92499e-07 
-6.8964e-07 
-6.8679e-07 
-6.83948e-07 
-6.81115e-07 
-6.7829e-07 
-6.75473e-07 
-6.72665e-07 
-6.69865e-07 
-6.67073e-07 
-6.6429e-07 
-6.61514e-07 
-6.58747e-07 
-6.55987e-07 
-6.53236e-07 
-6.50492e-07 
-6.47756e-07 
-6.45028e-07 
-6.42307e-07 
-6.39594e-07 
-6.36888e-07 
-6.34188e-07 
-6.31496e-07 
-6.28811e-07 
-6.26132e-07 
-6.2346e-07 
-6.20793e-07 
-6.18133e-07 
-6.15479e-07 
-6.1283e-07 
-6.10186e-07 
-6.07547e-07 
-6.04913e-07 
-6.02283e-07 
-5.99657e-07 
-5.97034e-07 
-5.94415e-07 
-5.91798e-07 
-5.89184e-07 
-5.86571e-07 
-5.83959e-07 
-5.81348e-07 
-5.78737e-07 
-5.76126e-07 
-5.73513e-07 
-5.70898e-07 
-5.6828e-07 
-5.65658e-07 
-5.63032e-07 
-5.604e-07 
-5.57762e-07 
-5.55116e-07 
-5.52461e-07 
-5.49795e-07 
-5.47119e-07 
-5.44429e-07 
-5.41725e-07 
-5.39004e-07 
-5.36266e-07 
-5.33508e-07 
-5.30728e-07 
-5.27925e-07 
-5.25095e-07 
-5.22236e-07 
-5.19347e-07 
-5.16423e-07 
-5.13462e-07 
-5.10461e-07 
-5.07417e-07 
-5.04325e-07 
-5.01183e-07 
-4.97985e-07 
-4.94728e-07 
-4.91406e-07 
-4.88015e-07 
-4.84549e-07 
-4.81002e-07 
-4.77369e-07 
-4.73642e-07 
-4.69816e-07 
-4.65881e-07 
-4.6183e-07 
-4.57655e-07 
-4.53347e-07 
-4.48895e-07 
-4.44289e-07 
-4.39518e-07 
-4.3457e-07 
-4.29433e-07 
-4.24092e-07 
-4.18533e-07 
-4.1274e-07 
-4.06698e-07 
-4.00387e-07 
-3.93789e-07 
-3.86884e-07 
-3.7965e-07 
-3.72064e-07 
-3.64101e-07 
-3.55734e-07 
-3.46936e-07 
-3.37675e-07 
-3.2792e-07 
-3.17636e-07 
-3.06786e-07 
-2.95331e-07 
-2.83229e-07 
-2.70434e-07 
-2.56898e-07 
-2.42571e-07 
-2.27396e-07 
-2.11315e-07 
-1.94266e-07 
-1.76181e-07 
-1.56989e-07 
-1.36612e-07 
-1.1497e-07 
-9.19742e-08 
-6.75313e-08 
-4.15415e-08 
-1.3898e-08 
1.55135e-08 
4.68149e-08 
8.01365e-08 
1.15618e-07 
1.53407e-07 
1.93664e-07 
2.36559e-07 
2.82273e-07 
3.31001e-07 
3.82949e-07 
4.3834e-07 
4.97411e-07 
5.60415e-07 
6.27623e-07 
6.99324e-07 
7.75827e-07 
8.57462e-07 
9.44582e-07 
1.03757e-06 
1.13681e-06 
1.24276e-06 
1.35586e-06 
1.47662e-06 
1.60555e-06 
1.74321e-06 
1.89021e-06 
2.0472e-06 
2.21485e-06 
2.39389e-06 
2.58512e-06 
2.78937e-06 
3.00754e-06 
3.24057e-06 
3.4895e-06 
3.75541e-06 
4.03947e-06 
4.34293e-06 
4.66711e-06 
5.01346e-06 
5.38348e-06 
5.77881e-06 
6.20118e-06 
6.65244e-06 
7.1346e-06 
7.64976e-06 
8.2002e-06 
8.78833e-06 
9.41675e-06 
1.00882e-05 
1.08057e-05 
1.15724e-05 
1.23916e-05 
1.3267e-05 
1.42023e-05 
1.52019e-05 
1.62699e-05 
1.74113e-05 
1.86309e-05 
1.99342e-05 
2.13268e-05 
2.28151e-05 
2.44054e-05 
2.61049e-05 
2.7921e-05 
2.98617e-05 
3.19356e-05 
3.41518e-05 
3.65202e-05 
3.90511e-05 
4.17557e-05 
4.4646e-05 
4.77347e-05 
5.10355e-05 
5.45628e-05 
5.83323e-05 
6.23606e-05 
6.66654e-05 
7.12658e-05 
7.61821e-05 
8.14359e-05 
8.70504e-05 
9.30504e-05 
9.94624e-05 
0.000106315 
0.000113637 
0.000121463 
0.000129826 
0.000138763 
0.000148314 
0.000158521 
0.000169428 
0.000181085 
0.000193542 
0.000206854 
0.000221081 
0.000236285 
0.000252532 
0.000269895 
0.000288451 
0.000308281 
0.000329472 
0.000352119 
0.000376321 
0.000402184 
0.000429824 
0.000459362 
0.000490928 
0.000524661 
0.000560711 
0.000599237 
0.000640408 
0.000684406 
0.000731425 
0.000781673 
0.000835371 
0.000892756 
0.000954082 
0.00101962 
0.00108965 
0.0011645 
0.00124448 
0.00132996 
0.0014213 
0.00151892 
0.00162324 
0.00173472 
0.00185385 
0.00198116 
0.00211722 
0.00226261 
0.00241799 
0.00258403 
0.00276146 
0.00295108 
0.00315372 
0.00337027 
0.00360168 
0.00384897 
0.00411324 
0.00439565 
0.00469744 
0.00501995 
0.00536461 
0.00573292 
0.00612652 
0.00654715 
0.00699667 
0.00747708 
0.00799053 
0.00853927 
0.00912562 
0.00975212 
0.0104215 
0.0111366 
0.0119007 
0.012717 
0.0135891 
0.0145209 
0.0155165 
0.0165804 
0.017717 
0.0189313 
0.0202284 
0.0216139 
0.0230941 
0.0246754 
0.0263646 
0.0281689 
0.030096 
0.0321545 
0.0343534 
0.0367017 
0.0392096 
0.0418884 
0.0447489 
0.0478037 
0.0510659 
0.0545491 
0.0582687 
0.0622396 
0.0664794 
0.0710052 
0.0758359 
0.0809916 
0.0864928 
0.0923614 
0.0986197 
0.105291 
0.112397 
0.119963 
0.128007 
0.136552 
0.14561 
0.15519 
0.165288 
0.175887 
0.186949 
0.198407 
0.210151 
0.222019 
0.23378 
0.245115 
0.255598 
0.264685 
0.27171 
0.2759 
0.276421 
0.272479 
0.263447 
0.249029 
0.229407 
0.205327 
0.178041 
0.149149 
0.120317 
0.093006 
0.0682832 
0.0467389 
0.0285272 
0.0134766 
0.00121758 
-0.00870016 
-0.016728 
-0.0232708 
-0.028667 
-0.0331855 
-0.037033 
-0.0403643 
-0.0432932 
-0.0459026 
-0.0482526 
-0.0503867 
-0.0523364 
-0.054125 
-0.0557698 
-0.0572839 
-0.0586775 
-0.0599588 
-0.0611348 
-0.0622112 
-0.0631932 
-0.0640856 
-0.0648925 
-0.0656181 
-0.0662665 
-0.0668413 
-0.0673462 
-0.0677848 
-0.0681606 
-0.068477 
-0.0687373 
-0.0689446 
-0.0691023 
-0.0692131 
-0.0692803 
-0.0693066 
-0.0692947 
-0.0692474 
-0.0691672 
-0.0690567 
-0.0689181 
-0.0687538 
-0.0685659 
-0.0683566 
-0.0681277 
-0.0678814 
-0.0676193 
-0.0673432 
-0.0670548 
-0.0667557 
-0.0664474 
-0.0661314 
-0.0658092 
-0.0654821 
-0.0651516 
-0.0648188 
-0.0644851 
-0.0641519 
-0.0638203 
-0.0634918 
-0.0631681 
-0.062851 
-0.0625418 
-0.0622418 
-0.0619518 
-0.0616733 
-0.0614082 
-0.0611581 
-0.060925 
-0.0607109 
-0.0605177 
-0.0603483 
-0.0602057 
-0.0600919 
-0.0600082 
-0.059956 
-0.0599372 
-0.0599537 
-0.0600072 
-0.0600993 
-0.0602319 
-0.0604064 
-0.0606232 
-0.0608809 
-0.0611771 
-0.0615092 
-0.0618735 
-0.0622652 
-0.0626779 
-0.0631033 
-0.0635312 
-0.0639492 
-0.0643426 
-0.064694 
-0.0649837 
-0.0651895 
-0.0652867 
-0.0652487 
-0.0650472 
-0.0646527 
-0.0640372 
-0.0631745 
-0.0620388 
-0.0606097 
-0.0588733 
-0.0568239 
-0.0544695 
-0.0518255 
-0.0489167 
-0.0457809 
-0.0424676 
-0.0390351 
-0.035548 
-0.0320707 
-0.0286655 
-0.0253889 
-0.0222887 
-0.019403 
-0.0167562 
-0.0143617 
-0.0122234 
-0.0103353 
-0.0086851 
-0.00725553 
-0.00602651 
-0.00497643 
-0.00408394 
-0.00332848 
-0.00269091 
-0.00215404 
-0.0017026 
-0.00132326 
-0.00100454 
-0.000736634 
-0.000511258 
-0.000321441 
-0.000161339 
-2.60733e-05 
8.84244e-05 
0.00018554 
0.00026809 
0.000338419 
0.000398478 
0.000449891 
0.000494017 
0.000531987 
0.00056475 
0.0005931 
0.000617703 
0.000639123 
0.00065783 
0.000674224 
0.000688643 
0.000701371 
0.000712652 
0.000722691 
0.000731663 
0.000739719 
0.000746984 
0.000753568 
0.000759563 
0.000765051 
0.000770098 
0.000774763 
0.000779096 
0.000783142 
0.000786936 
0.000790511 
0.000793895 
0.00079711 
0.000800177 
0.000803114 
0.000805936 
0.000808656 
0.000811285 
0.000813833 
0.000816307 
0.000818716 
0.000821064 
0.000823358 
0.000825602 
0.000827799 
0.000829954 
0.000832067 
0.000834143 
0.000836183 
0.000838188 
0.00084016 
0.0008421 
0.000844009 
0.000845888 
0.000847737 
0.000849557 
0.000851348 
0.00085311 
0.000854845 
0.00085655 
0.000858228 
0.000859878 
0.000861499 
0.000863093 
0.000864658 
0.000866195 
0.000867704 
0.000869183 
0.000870634 
0.000872055 
0.000873446 
0.000874807 
0.000876139 
0.00087744 
0.000878711 
0.000879951 
0.000881161 
0.000882339 
0.000883487 
0.000884603 
0.000885687 
0.00088674 
0.000887762 
0.000888751 
0.000889709 
0.000890634 
0.000891528 
0.000892389 
0.000893217 
0.000894013 
0.000894777 
0.000895508 
0.000896206 
0.000896872 
0.000897505 
0.000898105 
0.000898672 
0.000899206 
0.000899708 
0.000900177 
0.000900613 
0.000901016 
0.000901386 
0.000901724 
0.000902029 
0.000902301 
0.000902541 
0.000902748 
0.000902923 
0.000903067 
0.000903179 
0.000903259 
0.000903307 
0.000903323 
0.000903306 
0.000903257 
0.000903176 
0.000903062 
0.000902916 
0.000902738 
0.000902528 
0.000902286 
0.000902013 
0.000901708 
0.000901371 
0.000901004 
0.000900605 
0.000900175 
0.000899715 
0.000899224 
0.000898703 
0.000898151 
0.00089757 
0.000896959 
0.000896318 
0.000895648 
0.000894949 
0.000894221 
0.000893464 
0.000892679 
0.000891865 
0.000891024 
0.000890154 
0.000889258 
0.000888334 
0.000887383 
0.000886405 
0.000885402 
0.000884372 
0.000883316 
0.000882236 
0.000881132 
0.000880005 
0.000878853 
0.000877676 
0.000876474 
0.000875248 
0.000873998 
0.000872723 
0.000871423 
0.0008701 
0.000868753 
0.000867382 
0.000865988 
0.00086457 
0.00086313 
0.000861667 
0.000860182 
0.000858675 
0.000857146 
0.000855596 
0.000854024 
0.000852431 
0.000850818 
0.000849185 
0.000847532 
0.000845859 
0.000844166 
0.000842455 
0.000840724 
0.000838975 
0.000837208 
0.000835423 
0.000833621 
0.000831801 
0.000829965 
0.000828112 
0.000826242 
0.000824357 
0.000822457 
0.000820542 
0.000818613 
0.000816671 
0.000814717 
0.000812751 
0.000810773 
0.00080878 
0.000806775 
0.000804755 
0.000802722 
0.000800676 
0.000798616 
0.000796543 
0.000794457 
0.000792358 
0.000790247 
0.000788123 
0.000785987 
0.000783839 
0.00078168 
0.000779509 
0.000777327 
0.000775135 
0.000772932 
0.000770718 
0.000768495 
0.000766262 
0.00076402 
0.000761768 
0.000759507 
0.000757238 
0.000754961 
0.000752675 
0.000750382 
0.000748081 
0.000745773 
0.000743458 
0.000741136 
0.000738808 
0.000736475 
0.000734135 
0.00073179 
0.000729441 
0.000727087 
0.000724729 
0.000722369 
0.000720007 
0.000717645 
0.000715283 
0.000712918 
0.000710551 
0.000708181 
0.000705807 
0.00070343 
0.000701049 
0.000698665 
0.000696277 
0.000693885 
0.000691491 
0.000689093 
0.000686691 
0.000684287 
0.000681881 
0.000679471 
0.000677059 
0.000674645 
0.000672229 
0.000669811 
0.000667391 
0.000664969 
0.000662547 
0.000660123 
0.000657698 
0.000655273 
0.000652847 
0.000650421 
0.000647994 
0.000645568 
0.000643141 
0.000640716 
0.000638291 
0.000635866 
0.000633443 
0.000631021 
0.0006286 
0.000626181 
0.000623764 
0.000621349 
0.000618937 
0.000616527 
0.00061412 
0.000611717 
0.000609318 
0.000606923 
0.000604534 
0.000602153 
0.000599782 
0.000597417 
0.000595058 
0.000592704 
0.000590355 
0.000588009 
0.000585667 
0.000583328 
0.000580993 
0.00057866 
0.000576331 
0.000574004 
0.000571681 
0.00056936 
0.000567043 
0.000564729 
0.000562417 
0.000560109 
0.000557805 
0.000555503 
0.000553206 
0.000550911 
0.000548621 
0.000546334 
0.000544051 
0.000541772 
0.000539498 
0.000537227 
0.000534961 
0.000532699 
0.000530442 
0.000528189 
0.000525941 
0.000523698 
0.00052146 
0.000519226 
0.000516998 
0.000514775 
0.000512558 
0.000510345 
0.000508139 
0.000505938 
0.000503742 
0.000501553 
0.00049937 
0.000497192 
0.000495021 
0.000492856 
0.000490698 
0.000488547 
0.000486402 
0.000484265 
0.000482135 
0.000480012 
0.000477899 
0.000475794 
0.000473699 
0.000471617 
0.000469549 
0.000467493 
0.000465447 
0.000463409 
0.00046138 
0.000459358 
0.000457344 
0.000455336 
0.000453334 
0.000451338 
0.000449349 
