0 
2.71051e-20 
2.37169e-20 
-6.77626e-21 
1.69407e-20 
1.01644e-20 
-1.35525e-20 
6.77626e-21 
3.04932e-20 
-3.38813e-21 
-1.35525e-20 
-1.01644e-20 
1.01644e-20 
1.35525e-20 
2.71051e-20 
-1.01644e-20 
-3.38813e-21 
6.77626e-21 
1.01644e-20 
0 
1.01644e-20 
3.38813e-21 
-1.35525e-20 
6.77626e-21 
2.03288e-20 
1.69407e-20 
1.69407e-20 
2.71051e-20 
-3.38813e-21 
2.71051e-20 
1.01644e-20 
1.35525e-20 
6.77626e-21 
1.35525e-20 
-1.01644e-20 
6.77626e-21 
1.35525e-20 
3.38813e-21 
-6.77626e-21 
3.38813e-21 
-1.01644e-20 
-1.01644e-20 
-3.38813e-21 
6.77626e-21 
6.77626e-21 
6.77626e-21 
-2.37169e-20 
-1.35525e-20 
3.38813e-21 
1.69407e-20 
1.01644e-20 
1.35525e-20 
3.38813e-21 
1.01644e-20 
1.69407e-20 
-3.38813e-21 
-1.01644e-20 
-3.38813e-21 
-1.69407e-20 
-1.01644e-20 
1.35525e-20 
3.38813e-21 
-1.69407e-20 
6.77626e-21 
-6.77626e-21 
-6.77626e-21 
1.35525e-20 
6.77626e-21 
6.77626e-21 
1.01644e-20 
3.38813e-21 
-3.38813e-21 
1.69407e-20 
-6.77626e-21 
3.38813e-21 
-1.01644e-20 
3.38813e-21 
-2.37169e-20 
0 
-6.77626e-21 
-1.69407e-20 
-1.35525e-20 
-6.77626e-21 
-6.77626e-21 
6.77626e-21 
-1.01644e-20 
-6.77626e-21 
0 
-6.77626e-21 
6.77626e-21 
6.77626e-21 
6.77626e-21 
6.77626e-21 
-6.77626e-21 
-3.38813e-21 
-1.01644e-20 
-1.35525e-20 
-6.77626e-21 
3.38813e-21 
0 
0 
-3.38813e-21 
-6.77626e-21 
0 
1.01644e-20 
1.35525e-20 
-1.69407e-20 
3.38813e-21 
-1.01644e-20 
-3.38813e-21 
-1.01644e-20 
-3.38813e-21 
3.38813e-21 
3.38813e-21 
-6.77626e-21 
-6.77626e-21 
-6.77626e-21 
0 
-6.77626e-21 
-6.77626e-21 
0 
0 
3.38813e-21 
1.01644e-20 
0 
-3.38813e-21 
1.35525e-20 
-6.77626e-21 
-6.77626e-21 
1.01644e-20 
-3.38813e-21 
-3.38813e-21 
-1.69407e-20 
0 
-6.77626e-21 
3.38813e-21 
-6.77626e-21 
0 
-3.38813e-21 
3.38813e-21 
0 
-3.38813e-21 
1.01644e-20 
-3.38813e-21 
0 
0 
3.38813e-21 
8.47033e-21 
1.69407e-21 
3.38813e-21 
1.18585e-20 
1.18585e-20 
-3.38813e-21 
-5.0822e-21 
1.69407e-21 
-5.0822e-21 
1.18585e-20 
-3.38813e-21 
-1.69407e-21 
5.0822e-21 
0 
5.0822e-21 
3.38813e-21 
-8.47033e-21 
-3.38813e-21 
-1.69407e-21 
-8.47033e-21 
-8.47033e-21 
1.69407e-21 
-1.52466e-20 
-5.0822e-21 
-1.18585e-20 
-5.0822e-21 
5.0822e-21 
3.38813e-21 
6.77626e-21 
-1.69407e-21 
1.69407e-21 
3.38813e-21 
3.38813e-21 
1.69407e-21 
-1.69407e-21 
3.38813e-21 
-1.69407e-21 
-1.69407e-21 
-3.38813e-21 
1.69407e-21 
-3.38813e-21 
5.0822e-21 
3.38813e-21 
1.69407e-21 
0 
0 
-6.77626e-21 
-3.38813e-21 
1.69407e-21 
-3.38813e-21 
-5.0822e-21 
1.69407e-21 
6.77626e-21 
1.69407e-21 
-5.0822e-21 
-3.38813e-21 
0 
1.69407e-21 
1.69407e-21 
-1.69407e-21 
3.38813e-21 
0 
-5.0822e-21 
-3.38813e-21 
1.69407e-21 
-1.69407e-21 
3.38813e-21 
-3.38813e-21 
-5.0822e-21 
1.69407e-21 
8.47033e-22 
-7.6233e-21 
-3.38813e-21 
-5.92923e-21 
5.0822e-21 
8.47033e-22 
-5.92923e-21 
-8.47033e-22 
3.38813e-21 
3.38813e-21 
2.5411e-21 
8.47033e-22 
8.47033e-22 
-5.0822e-21 
8.47033e-22 
0 
2.5411e-21 
1.69407e-21 
1.69407e-21 
-8.47033e-22 
4.23516e-21 
8.47033e-22 
-8.47033e-22 
-1.69407e-21 
0 
-3.38813e-21 
-4.23516e-21 
-1.69407e-21 
-1.69407e-21 
-8.47033e-22 
8.47033e-22 
3.38813e-21 
8.47033e-22 
0 
1.69407e-21 
-0.00148115 
-0.00150556 
-0.00153096 
-0.00155744 
-0.00158519 
-0.000133232 
-0.000139719 
-0.000147238 
-0.000156051 
-0.000166451 
-0.000178743 
-0.000193219 
-0.000210117 
-0.000229597 
-0.000251708 
-0.000276372 
-0.000303372 
-0.000332355 
-0.000362842 
-0.000394252 
-0.000425922 
-0.000457136 
-0.000487156 
-0.000515246 
-0.000540697 
-0.000562842 
-0.000581077 
-0.000594865 
-0.000603745 
-0.000607334 
-0.000605322 
-0.000597474 
-0.000583617 
-0.00056364 
-0.00053748 
-0.000505116 
-0.00046656 
-0.000421849 
-0.000371032 
-0.00031417 
-0.000251319 
-0.00018253 
-0.00010784 
-2.72628e-05 
5.9211e-05 
0.000151623 
0.00025005 
0.000354608 
0.000465457 
0.000582801 
0.000706895 
0.000838045 
0.00097661 
0.001123 
0.0012777 
0.00144122 
0.00161418 
0.00179721 
0.00199105 
0.00219648 
0.00241433 
0.00264549 
0.00289096 
0.0031518 
0.0034292 
0.00372439 
0.00403873 
0.00437369 
0.00473082 
0.00511181 
0.00551848 
0.00595277 
0.00641679 
0.00691278 
0.00744318 
0.00801055 
0.00861774 
0.00926776 
0.00996378 
0.0107092 
0.0115075 
0.0123627 
0.0132788 
0.0142605 
0.0153127 
0.0164406 
0.0176499 
0.0189462 
0.0203357 
0.0218251 
0.0234217 
0.0251332 
0.0269676 
0.0289335 
0.0310396 
0.0332961 
0.0357127 
0.0383 
0.0410695 
0.0440321 
0.0472003 
0.0505862 
0.0542019 
0.0580605 
0.0621743 
0.0665548 
0.0712137 
0.07616 
0.0814019 
0.0869444 
0.092789 
0.098931 
0.105359 
0.112052 
0.118977 
0.126084 
0.133305 
0.140546 
0.14768 
0.154545 
0.160927 
0.166565 
0.171131 
0.174234 
0.175416 
0.174155 
0.169883 
0.162015 
0.149989 
0.13333 
0.111722 
0.0850866 
0.0536629 
0.018059 
-0.020728 
-0.0613539 
-0.102223 
-0.141625 
-0.177909 
-0.20965 
-0.235781 
-0.255673 
-0.269146 
-0.27643 
-0.278076 
-0.274859 
-0.267666 
-0.257411 
-0.244961 
-0.231088 
-0.216444 
-0.201552 
-0.186815 
-0.172527 
-0.158886 
-0.146017 
-0.133985 
-0.122813 
-0.112488 
-0.102982 
-0.0942476 
-0.0862338 
-0.0788844 
-0.0721434 
-0.0659566 
-0.0602727 
-0.0550444 
-0.0502282 
-0.045785 
-0.0416796 
-0.0378806 
-0.0343601 
-0.0310935 
-0.0280589 
-0.0252371 
-0.022611 
-0.0201654 
-0.0178869 
-0.0157635 
-0.0137847 
-0.0119407 
-0.010223 
-0.00862373 
-0.00713579 
-0.00575269 
-0.00446845 
-0.00327758 
-0.00217497 
-0.00115586 
-0.000215807 
0.000649343 
0.0014435 
0.00217035 
0.00283334 
0.00343575 
0.00398064 
0.00447091 
0.00490926 
0.00529824 
0.00564021 
0.00593735 
0.00619169 
0.00640505 
0.00657906 
0.00671519 
0.00681474 
0.00687871 
0.00690792 
0.00690307 
0.00686468 
0.00679265 
0.00668699 
0.00654764 
0.00637449 
0.00616882 
0.00593059 
0.00565935 
0.00535449 
0.00501513 
0.0046401 
0.00422852 
0.00378007 
0.00329466 
0.00277446 
0.00222129 
0.0016366 
0.00102211 
0.000378197 
-0.000292367 
-0.000985449 
-0.00169563 
-0.00241401 
-0.00313267 
-0.00384288 
-0.00453483 
-0.00519851 
-0.00582094 
-0.00638722 
-0.00688101 
-0.0072833 
-0.00757553 
-0.00773862 
-0.00775326 
-0.00760057 
-0.00726149 
-0.00671793 
-0.00595383 
-0.00495607 
-0.00371473 
-0.00222447 
-0.000485495 
0.00149572 
0.00370512 
0.00612193 
0.0087182 
0.0114592 
0.0143043 
0.017207 
0.0201163 
0.0229796 
0.0257445 
0.0283589 
0.0307741 
0.032945 
0.0348353 
0.0364178 
0.0376752 
0.0386021 
0.039197 
0.0394701 
0.039441 
0.0391313 
0.0385724 
0.0377959 
0.0368337 
0.0357209 
0.0344891 
0.0331694 
0.0317889 
0.0303723 
0.0289417 
0.0275142 
0.0261053 
0.0247265 
0.023387 
0.0220938 
0.0208517 
0.0196636 
0.0185314 
0.0174556 
0.016436 
0.0154715 
0.0145607 
0.0137017 
0.0128924 
0.0121307 
0.0114142 
0.0107406 
0.0101074 
0.00951236 
0.00895336 
0.00842822 
0.00793487 
0.00747137 
0.00703588 
0.00662663 
0.00624199 
0.0058804 
0.00554041 
0.00522066 
0.00491986 
0.00463681 
0.0043704 
0.00411957 
0.00388334 
0.00366079 
0.00345107 
0.00325336 
0.00306693 
0.00289108 
0.00272514 
0.0025685 
0.00242061 
0.00228092 
0.00214895 
0.00202422 
0.0019063 
0.00179481 
0.00168935 
0.00158958 
0.00149518 
0.00140585 
0.00132131 
0.00124129 
0.00116557 
0.00109391 
0.00102612 
0.000961995 
0.00090137 
0.000844078 
0.000789967 
0.000738895 
0.00069073 
0.000645346 
0.000602627 
0.000562459 
0.000524736 
0.000489353 
0.000456212 
0.000425213 
0.000396262 
0.000369266 
0.000344133 
0.000320774 
0.000299098 
0.000279021 
0.000260456 
0.000243319 
0.000227529 
0.000213006 
0.000199673 
0.000187455 
0.000176279 
0.000166075 
0.000156777 
0.00014832 
0.000140643 
0.000133689 
0.000127402 
0.000121731 
0.000116626 
0.000112041 
0.000107934 
0.000104264 
0.000100993 
9.80863e-05 
9.55116e-05 
9.32385e-05 
9.12393e-05 
8.94881e-05 
8.79613e-05 
8.66369e-05 
8.5495e-05 
8.45172e-05 
8.36866e-05 
8.29877e-05 
8.24066e-05 
8.19304e-05 
8.15473e-05 
8.12469e-05 
8.10194e-05 
8.08561e-05 
8.07491e-05 
8.06911e-05 
8.06758e-05 
8.06972e-05 
8.07501e-05 
8.08298e-05 
8.09321e-05 
8.1053e-05 
8.11891e-05 
8.13376e-05 
8.14955e-05 
8.16605e-05 
8.18304e-05 
8.20033e-05 
8.21776e-05 
8.23517e-05 
8.25243e-05 
8.26944e-05 
8.28608e-05 
8.30228e-05 
8.31796e-05 
8.33305e-05 
8.34751e-05 
8.36128e-05 
8.37434e-05 
8.38664e-05 
8.39817e-05 
8.40889e-05 
8.41882e-05 
8.42792e-05 
8.4362e-05 
8.44364e-05 
8.45018e-05 
8.4558e-05 
8.4605e-05 
8.4643e-05 
8.46722e-05 
8.46927e-05 
8.47048e-05 
8.47084e-05 
8.47039e-05 
8.46914e-05 
8.4671e-05 
8.46429e-05 
8.46073e-05 
8.45643e-05 
8.45142e-05 
8.4457e-05 
8.43929e-05 
8.43222e-05 
8.4245e-05 
8.41614e-05 
8.40715e-05 
8.39757e-05 
8.38739e-05 
8.37664e-05 
8.36533e-05 
8.35348e-05 
8.3411e-05 
8.32821e-05 
8.31481e-05 
8.30093e-05 
8.28657e-05 
8.27176e-05 
8.2565e-05 
8.24081e-05 
8.2247e-05 
8.20818e-05 
8.19127e-05 
8.17397e-05 
8.15631e-05 
8.13828e-05 
8.11991e-05 
8.10121e-05 
8.08218e-05 
8.06284e-05 
8.0432e-05 
8.02327e-05 
8.00306e-05 
7.98259e-05 
7.96185e-05 
7.94087e-05 
7.91966e-05 
7.89822e-05 
7.87657e-05 
7.85471e-05 
7.83266e-05 
7.81043e-05 
7.78803e-05 
7.76547e-05 
7.74276e-05 
7.71992e-05 
7.69696e-05 
7.67387e-05 
7.65071e-05 
7.62745e-05 
7.6041e-05 
7.58056e-05 
7.55675e-05 
7.53267e-05 
7.50832e-05 
7.48375e-05 
7.45898e-05 
7.43402e-05 
7.40888e-05 
7.38359e-05 
