0 
-3.38813e-21 
1.01644e-20 
1.01644e-20 
1.69407e-20 
1.35525e-20 
3.38813e-21 
2.03288e-20 
6.77626e-21 
1.01644e-20 
1.01644e-20 
1.69407e-20 
1.01644e-20 
-6.77626e-21 
1.35525e-20 
1.69407e-20 
6.77626e-21 
-3.38813e-21 
2.03288e-20 
-1.01644e-20 
-6.77626e-21 
0 
0 
-6.77626e-21 
6.77626e-21 
-3.38813e-21 
-6.77626e-21 
3.38813e-21 
0 
6.77626e-21 
1.35525e-20 
1.35525e-20 
3.38813e-21 
1.35525e-20 
1.01644e-20 
1.01644e-20 
6.77626e-21 
1.01644e-20 
1.69407e-20 
-3.38813e-21 
1.35525e-20 
3.38813e-21 
6.77626e-21 
0 
1.35525e-20 
1.69407e-20 
1.35525e-20 
1.35525e-20 
0 
-3.38813e-21 
1.35525e-20 
3.38813e-21 
-0.00340894 
-0.00254685 
-0.00208571 
-0.00180757 
-0.00162292 
0.00191779 
0.00115491 
0.000771521 
0.000556179 
0.000423466 
0.000335454 
0.000273684 
0.000228389 
0.000194012 
0.00016719 
0.000145788 
0.000128386 
0.000114012 
0.000101977 
9.17817e-05 
8.30552e-05 
7.55182e-05 
6.89562e-05 
6.32018e-05 
5.81229e-05 
5.36141e-05 
4.959e-05 
4.59814e-05 
4.27309e-05 
3.97913e-05 
3.7123e-05 
3.46926e-05 
3.24719e-05 
3.0437e-05 
2.85671e-05 
2.68446e-05 
2.52542e-05 
2.37824e-05 
2.24177e-05 
2.11499e-05 
1.997e-05 
1.88701e-05 
1.78431e-05 
1.6883e-05 
1.59842e-05 
1.5142e-05 
1.43515e-05 
1.36085e-05 
1.29094e-05 
1.22507e-05 
1.16293e-05 
1.10426e-05 
1.0488e-05 
9.96328e-06 
9.46638e-06 
8.99541e-06 
8.54864e-06 
8.12449e-06 
7.72152e-06 
7.33839e-06 
6.97386e-06 
6.6268e-06 
6.29618e-06 
5.981e-06 
5.68038e-06 
5.39348e-06 
5.11953e-06 
4.8578e-06 
4.60763e-06 
4.36838e-06 
4.13948e-06 
3.92038e-06 
3.71057e-06 
3.50957e-06 
3.31694e-06 
3.13225e-06 
2.95511e-06 
2.78516e-06 
2.62204e-06 
2.46542e-06 
2.31501e-06 
2.1705e-06 
2.03164e-06 
1.89815e-06 
1.76979e-06 
1.64634e-06 
1.52757e-06 
1.41329e-06 
1.30329e-06 
1.19739e-06 
1.09541e-06 
9.97198e-07 
9.02584e-07 
8.11423e-07 
7.23572e-07 
6.38896e-07 
5.57267e-07 
4.78563e-07 
4.02667e-07 
3.29469e-07 
2.58863e-07 
1.90749e-07 
1.25031e-07 
6.16172e-08 
4.20949e-10 
-5.86413e-08 
-1.15649e-07 
-1.70678e-07 
-2.23802e-07 
-2.75089e-07 
-3.24606e-07 
-3.72418e-07 
-4.18583e-07 
-4.63162e-07 
-5.0621e-07 
-5.4778e-07 
-5.87924e-07 
-6.2669e-07 
-6.64127e-07 
-7.0028e-07 
-7.35191e-07 
-7.68903e-07 
-8.01456e-07 
-8.32888e-07 
-8.63237e-07 
-8.92538e-07 
-9.20825e-07 
-9.48132e-07 
-9.74489e-07 
-9.99928e-07 
-1.02448e-06 
-1.04817e-06 
-1.07102e-06 
-1.09307e-06 
-1.11434e-06 
-1.13484e-06 
-1.15462e-06 
-1.17368e-06 
-1.19205e-06 
-1.20976e-06 
-1.22681e-06 
-1.24324e-06 
-1.25906e-06 
-1.27428e-06 
-1.28894e-06 
-1.30303e-06 
-1.31659e-06 
-1.32962e-06 
-1.34215e-06 
-1.35418e-06 
-1.36573e-06 
-1.37682e-06 
-1.38745e-06 
-1.39765e-06 
-1.40742e-06 
-1.41678e-06 
-1.42573e-06 
-1.4343e-06 
-1.44248e-06 
-1.4503e-06 
-1.45776e-06 
-1.46488e-06 
-1.47165e-06 
-1.4781e-06 
-1.48422e-06 
-1.49004e-06 
-1.49556e-06 
-1.50078e-06 
-1.50572e-06 
-1.51038e-06 
-1.51477e-06 
-1.5189e-06 
-1.52278e-06 
-1.5264e-06 
-1.52979e-06 
-1.53294e-06 
-1.53587e-06 
-1.53857e-06 
-1.54106e-06 
-1.54334e-06 
-1.54541e-06 
-1.54729e-06 
-1.54898e-06 
-1.55047e-06 
-1.55179e-06 
-1.55293e-06 
-1.55389e-06 
-1.55469e-06 
-1.55532e-06 
-1.5558e-06 
-1.55612e-06 
-1.55629e-06 
-1.55632e-06 
-1.5562e-06 
-1.55594e-06 
-1.55556e-06 
-1.55504e-06 
-1.55439e-06 
-1.55362e-06 
-1.55273e-06 
-1.55172e-06 
-1.5506e-06 
-1.54937e-06 
-1.54803e-06 
-1.54658e-06 
-1.54504e-06 
-1.54339e-06 
-1.54165e-06 
-1.53982e-06 
-1.5379e-06 
-1.53589e-06 
-1.53379e-06 
-1.53161e-06 
-1.52935e-06 
-1.52701e-06 
-1.52459e-06 
-1.5221e-06 
-1.51954e-06 
-1.5169e-06 
-1.5142e-06 
-1.51144e-06 
-1.50861e-06 
-1.50572e-06 
-1.50277e-06 
-1.49975e-06 
-1.49669e-06 
-1.49357e-06 
-1.49039e-06 
-1.48716e-06 
-1.48389e-06 
-1.48056e-06 
-1.47719e-06 
-1.47377e-06 
-1.47031e-06 
-1.46681e-06 
-1.46326e-06 
-1.45967e-06 
-1.45605e-06 
-1.45239e-06 
-1.44869e-06 
-1.44496e-06 
-1.44119e-06 
-1.43739e-06 
-1.43356e-06 
-1.4297e-06 
-1.42581e-06 
-1.42189e-06 
-1.41795e-06 
-1.41397e-06 
-1.40998e-06 
-1.40596e-06 
-1.40191e-06 
-1.39784e-06 
-1.39376e-06 
-1.38965e-06 
-1.38552e-06 
-1.38137e-06 
-1.3772e-06 
-1.37302e-06 
-1.36882e-06 
-1.36461e-06 
-1.36038e-06 
-1.35613e-06 
-1.35187e-06 
-1.3476e-06 
-1.34332e-06 
-1.33902e-06 
-1.33471e-06 
-1.3304e-06 
-1.32607e-06 
-1.32173e-06 
-1.31739e-06 
-1.31303e-06 
-1.30867e-06 
-1.30431e-06 
-1.29993e-06 
-1.29555e-06 
-1.29117e-06 
-1.28678e-06 
-1.28239e-06 
-1.27799e-06 
-1.27359e-06 
-1.26918e-06 
-1.26477e-06 
-1.26036e-06 
-1.25595e-06 
-1.25154e-06 
-1.24713e-06 
-1.24271e-06 
-1.2383e-06 
-1.23388e-06 
-1.22947e-06 
-1.22506e-06 
-1.22065e-06 
-1.21624e-06 
-1.21183e-06 
-1.20742e-06 
-1.20302e-06 
-1.19862e-06 
-1.19422e-06 
-1.18983e-06 
-1.18544e-06 
-1.18105e-06 
-1.17667e-06 
-1.17229e-06 
-1.16792e-06 
-1.16355e-06 
-1.15919e-06 
-1.15483e-06 
-1.15048e-06 
-1.14614e-06 
-1.1418e-06 
-1.13746e-06 
-1.13314e-06 
-1.12882e-06 
-1.12451e-06 
-1.1202e-06 
-1.1159e-06 
-1.11161e-06 
-1.10733e-06 
-1.10305e-06 
-1.09879e-06 
-1.09453e-06 
-1.09028e-06 
-1.08604e-06 
-1.0818e-06 
-1.07758e-06 
-1.07336e-06 
-1.06916e-06 
-1.06496e-06 
-1.06077e-06 
-1.05659e-06 
-1.05242e-06 
-1.04827e-06 
-1.04412e-06 
-1.03998e-06 
-1.03585e-06 
-1.03173e-06 
-1.02762e-06 
-1.02352e-06 
-1.01943e-06 
-1.01535e-06 
-1.01129e-06 
-1.00723e-06 
-1.00318e-06 
-9.99148e-07 
-9.95124e-07 
-9.9111e-07 
-9.87108e-07 
-9.83116e-07 
-9.79135e-07 
-9.75166e-07 
-9.71208e-07 
-9.67261e-07 
-9.63325e-07 
-9.59401e-07 
-9.55488e-07 
-9.51586e-07 
-9.47696e-07 
-9.43817e-07 
-9.39949e-07 
-9.36093e-07 
-9.32249e-07 
-9.28415e-07 
-9.24594e-07 
-9.20783e-07 
-9.16984e-07 
-9.13197e-07 
-9.09421e-07 
-9.05656e-07 
-9.01903e-07 
-8.98161e-07 
-8.9443e-07 
-8.90711e-07 
-8.87003e-07 
-8.83305e-07 
-8.79619e-07 
-8.75944e-07 
-8.7228e-07 
-8.68627e-07 
-8.64984e-07 
-8.61352e-07 
-8.5773e-07 
-8.54119e-07 
-8.50518e-07 
-8.46927e-07 
-8.43346e-07 
-8.39775e-07 
-8.36213e-07 
-8.32661e-07 
-8.29118e-07 
-8.25584e-07 
-8.22059e-07 
-8.18542e-07 
-8.15033e-07 
-8.11532e-07 
-8.08038e-07 
-8.04552e-07 
-8.01072e-07 
-7.97599e-07 
-7.94131e-07 
-7.9067e-07 
-7.87213e-07 
-7.83761e-07 
-7.80312e-07 
-7.76867e-07 
-7.73425e-07 
-7.69985e-07 
-7.66546e-07 
-7.63108e-07 
-7.59669e-07 
-7.56229e-07 
-7.52787e-07 
-7.49341e-07 
-7.45892e-07 
-7.42437e-07 
-7.38976e-07 
-7.35506e-07 
-7.32027e-07 
-7.28538e-07 
-7.25036e-07 
-7.21519e-07 
-7.17987e-07 
-7.14437e-07 
-7.10866e-07 
-7.07274e-07 
-7.03656e-07 
-7.00012e-07 
-6.96337e-07 
-6.9263e-07 
-6.88887e-07 
-6.85104e-07 
-6.81279e-07 
-6.77407e-07 
-6.73484e-07 
-6.69506e-07 
-6.65469e-07 
-6.61367e-07 
-6.57196e-07 
-6.52949e-07 
-6.4862e-07 
-6.44204e-07 
-6.39693e-07 
-6.3508e-07 
-6.30357e-07 
-6.25515e-07 
-6.20547e-07 
-6.15441e-07 
-6.10189e-07 
-6.04778e-07 
-5.99198e-07 
-5.93436e-07 
-5.87479e-07 
-5.81312e-07 
-5.7492e-07 
-5.68287e-07 
-5.61395e-07 
-5.54227e-07 
-5.46761e-07 
-5.38978e-07 
-5.30854e-07 
-5.22365e-07 
-5.13485e-07 
-5.04187e-07 
-4.94441e-07 
-4.84216e-07 
-4.73477e-07 
-4.62189e-07 
-4.50314e-07 
-4.37809e-07 
-4.24632e-07 
-4.10735e-07 
-3.96068e-07 
-3.80577e-07 
-3.64206e-07 
-3.46892e-07 
-3.2857e-07 
-3.0917e-07 
-2.88618e-07 
-2.66833e-07 
-2.4373e-07 
-2.19218e-07 
-1.932e-07 
-1.6557e-07 
-1.36218e-07 
-1.05025e-07 
-7.18627e-08 
-3.65961e-08 
9.20495e-10 
4.08422e-08 
8.33351e-08 
1.28576e-07 
1.76756e-07 
2.28075e-07 
2.82752e-07 
3.41017e-07 
4.03117e-07 
4.69316e-07 
5.39897e-07 
6.15162e-07 
6.95433e-07 
7.81054e-07 
8.72393e-07 
9.69845e-07 
1.07383e-06 
1.18479e-06 
1.30322e-06 
1.42963e-06 
1.56455e-06 
1.70859e-06 
1.86236e-06 
2.02654e-06 
2.20184e-06 
2.38903e-06 
2.58892e-06 
2.80238e-06 
3.03036e-06 
3.27384e-06 
3.53389e-06 
3.81165e-06 
4.10834e-06 
4.42525e-06 
4.76379e-06 
5.12543e-06 
5.51176e-06 
5.92447e-06 
6.36539e-06 
6.83645e-06 
7.33971e-06 
7.8774e-06 
8.45187e-06 
9.06565e-06 
9.72145e-06 
1.04221e-05 
1.11708e-05 
1.19708e-05 
1.28255e-05 
1.37389e-05 
1.47148e-05 
1.57576e-05 
1.68719e-05 
1.80626e-05 
1.93349e-05 
2.06945e-05 
2.21473e-05 
2.36998e-05 
2.53587e-05 
2.71315e-05 
2.90259e-05 
3.10502e-05 
3.32135e-05 
3.55252e-05 
3.79955e-05 
4.06354e-05 
4.34564e-05 
4.6471e-05 
4.96926e-05 
5.31353e-05 
5.68143e-05 
6.07458e-05 
6.49473e-05 
6.94371e-05 
7.42352e-05 
7.93627e-05 
8.48422e-05 
9.06979e-05 
9.69557e-05 
0.000103643 
0.00011079 
0.000118427 
0.000126588 
0.00013531 
0.000144631 
0.000154592 
0.000165237 
0.000176613 
0.00018877 
0.000201761 
0.000215645 
0.000230482 
0.000246338 
0.000263283 
0.000281391 
0.000300742 
0.000321423 
0.000343524 
0.000367142 
0.000392382 
0.000419355 
0.00044818 
0.000478985 
0.000511905 
0.000547086 
0.000584682 
0.00062486 
0.000667796 
0.000713682 
0.000762717 
0.00081512 
0.000871121 
0.000930967 
0.000994923 
0.00106327 
0.00113631 
0.00121436 
0.00129778 
0.00138692 
0.00148218 
0.00158398 
0.00169277 
0.00180903 
0.00193327 
0.00206605 
0.00220793 
0.00235956 
0.00252159 
0.00269475 
0.0028798 
0.00307755 
0.00328887 
0.0035147 
0.00375603 
0.00401392 
0.00428952 
0.00458404 
0.00489877 
0.00523511 
0.00559454 
0.00597865 
0.00638912 
0.0068278 
0.00729661 
0.00779765 
0.00833316 
0.00890541 
0.00951684 
0.0101701 
0.0108681 
0.0116138 
0.0124104 
0.0132616 
0.014171 
0.0151426 
0.0161809 
0.0172902 
0.0184754 
0.0197414 
0.0210937 
0.0225383 
0.0240817 
0.0257305 
0.0274916 
0.0293727 
0.0313818 
0.0335281 
0.0358204 
0.0382683 
0.040883 
0.0436754 
0.0466571 
0.0498416 
0.0532418 
0.0568726 
0.0607491 
0.064888 
0.0693062 
0.0740227 
0.0790564 
0.0844277 
0.0901583 
0.0962703 
0.102787 
0.10973 
0.117124 
0.124991 
0.133349 
0.142216 
0.151603 
0.161511 
0.171929 
0.182827 
0.194149 
0.205802 
0.217647 
0.229479 
0.241014 
0.251866 
0.261538 
0.269406 
0.274732 
0.2767 
0.274487 
0.267383 
0.254953 
0.237189 
0.214625 
0.188347 
0.159851 
0.13081 
0.102793 
0.0770245 
0.0542725 
0.0348414 
0.0186637 
0.00542855 
-0.00529615 
-0.0139687 
-0.0210146 
-0.0267975 
-0.0316117 
-0.0356855 
-0.0391915 
-0.0422573 
-0.0449762 
-0.0474158 
-0.0496251 
-0.0516396 
-0.0534852 
-0.0551812 
-0.056742 
-0.0581788 
-0.0595006 
-0.0607146 
-0.061827 
-0.0628432 
-0.0637679 
-0.0646057 
-0.0653609 
-0.0660373 
-0.0666388 
-0.0671691 
-0.0676318 
-0.0680304 
-0.0683683 
-0.0686489 
-0.0688754 
-0.069051 
-0.0691787 
-0.0692617 
-0.0693027 
-0.0693045 
-0.06927 
-0.0692016 
-0.0691019 
-0.0689733 
-0.0688182 
-0.0686387 
-0.068437 
-0.0682151 
-0.067975 
-0.0677185 
-0.0674473 
-0.0671633 
-0.0668679 
-0.0665628 
-0.0662495 
-0.0659295 
-0.0656043 
-0.0652752 
-0.0649437 
-0.0646111 
-0.0642788 
-0.0639478 
-0.0636191 
-0.0632939 
-0.0629738 
-0.0626602 
-0.0623547 
-0.0620588 
-0.061774 
-0.0615021 
-0.0612448 
-0.0610049 
-0.0607846 
-0.060586 
-0.0604101 
-0.0602584 
-0.060133 
-0.0600361 
-0.0599698 
-0.0599363 
-0.0599384 
-0.0599786 
-0.0600589 
-0.0601793 
-0.0603401 
-0.0605412 
-0.0607824 
-0.0610626 
-0.0613799 
-0.0617314 
-0.0621126 
-0.0625181 
-0.0629403 
-0.0633695 
-0.0637938 
-0.0641993 
-0.0645693 
-0.064885 
-0.0651251 
-0.065266 
-0.0652817 
-0.0651443 
-0.0648252 
-0.0642952 
-0.0635263 
-0.0624919 
-0.0611725 
-0.059552 
-0.05762 
-0.0553766 
-0.0528327 
-0.0500145 
-0.0469579 
-0.0437071 
-0.0403152 
-0.0368432 
-0.033356 
-0.0299176 
-0.0265874 
-0.0234172 
-0.0204477 
-0.0177087 
-0.0152185 
-0.012985 
-0.0110048 
-0.00926813 
-0.00775897 
-0.00645816 
-0.00534432 
-0.00439601 
-0.00359223 
-0.00291325 
-0.00234109 
-0.00185979 
-0.00145529 
-0.00111544 
-0.000829851 
-0.000589683 
-0.000387502 
-0.000217072 
-7.31748e-05 
4.85409e-05 
0.000151698 
0.000239313 
0.000313892 
0.000377524 
0.000431947 
0.00047861 
0.000518725 
0.000553302 
0.000583191 
0.000609101 
0.000631632 
0.000651286 
0.000668488 
0.000683597 
0.000696916 
0.000708703 
0.000719176 
0.000728522 
0.000736898 
0.00074444 
0.000751263 
0.000757465 
0.00076313 
0.000768331 
0.000773131 
0.000777581 
0.000781727 
0.00078561 
0.000789262 
0.000792713 
0.000795987 
0.000799107 
0.00080209 
0.000804953 
0.000807709 
0.00081037 
0.000812946 
0.000815447 
0.000817879 
0.000820249 
0.000822562 
0.000824824 
0.000827038 
0.000829208 
0.000831336 
0.000833426 
0.000835478 
0.000837496 
0.00083948 
0.000841432 
0.000843352 
0.000845242 
0.000847102 
0.000848933 
0.000850734 
0.000852507 
0.000854252 
0.000855968 
0.000857656 
0.000859316 
0.000860948 
0.000862552 
0.000864128 
0.000865675 
0.000867194 
0.000868685 
0.000870146 
0.000871578 
0.00087298 
0.000874352 
0.000875695 
0.000877007 
0.000878289 
0.000879541 
0.000880762 
0.000881951 
0.00088311 
0.000884238 
0.000885334 
0.000886399 
0.000887432 
0.000888433 
0.000889402 
0.00089034 
0.000891245 
0.000892118 
0.000892958 
0.000893766 
0.000894542 
0.000895285 
0.000895995 
0.000896673 
0.000897318 
0.00089793 
0.000898509 
0.000899055 
0.000899569 
0.00090005 
0.000900498 
0.000900913 
0.000901295 
0.000901645 
0.000901962 
0.000902246 
0.000902498 
0.000902717 
0.000902904 
0.000903059 
0.000903183 
0.000903275 
0.000903335 
0.000903362 
0.000903357 
0.00090332 
0.00090325 
0.000903148 
0.000903014 
0.000902848 
0.000902649 
0.000902419 
0.000902157 
0.000901864 
0.000901539 
0.000901183 
0.000900795 
0.000900377 
0.000899928 
0.000899448 
0.000898938 
0.000898397 
0.000897827 
0.000897226 
0.000896596 
0.000895937 
0.000895248 
0.000894531 
0.000893785 
0.00089301 
0.000892206 
0.000891375 
0.000890516 
0.000889629 
0.000888715 
0.000887774 
0.000886806 
0.000885812 
0.000884792 
0.000883745 
0.000882674 
0.000881579 
0.00088046 
0.000879316 
0.000878148 
0.000876956 
0.000875739 
0.000874497 
0.000873231 
0.000871941 
0.000870626 
0.000869287 
0.000867925 
0.000866539 
0.00086513 
0.000863698 
0.000862244 
0.000860767 
0.000859268 
0.000857747 
0.000856204 
0.00085464 
0.000853055 
0.000851449 
0.000849823 
0.000848177 
0.000846511 
0.000844826 
0.000843121 
0.000841397 
0.000839655 
0.000837895 
0.000836116 
0.00083432 
0.000832507 
0.000830676 
0.000828829 
0.000826965 
0.000825086 
0.000823191 
0.000821281 
0.000819357 
0.00081742 
0.000815471 
0.000813509 
0.000811535 
0.000809548 
0.000807547 
0.000805532 
0.000803504 
0.000801463 
0.000799408 
0.000797339 
0.000795258 
0.000793164 
0.000791057 
0.000788937 
0.000786806 
0.000784662 
0.000782507 
0.00078034 
0.000778162 
0.000775973 
0.000773774 
0.000771564 
0.000769344 
0.000767115 
0.000764876 
0.000762627 
0.00076037 
0.000758103 
0.000755829 
0.000753546 
0.000751255 
0.000748957 
0.000746652 
0.000744339 
0.00074202 
0.000739694 
0.000737362 
0.000735025 
0.000732682 
0.000730334 
0.000727981 
0.000725625 
0.000723265 
0.000720903 
0.000718542 
0.00071618 
0.000713816 
0.00071145 
0.000709081 
0.000706708 
0.000704332 
0.000701952 
0.000699569 
0.000697182 
0.000694792 
0.000692398 
0.000690001 
0.000687601 
0.000685198 
0.000682792 
0.000680383 
0.000677972 
0.000675559 
0.000673143 
0.000670725 
0.000668306 
0.000665885 
0.000663463 
0.000661039 
0.000658615 
0.00065619 
0.000653764 
0.000651337 
0.000648911 
0.000646484 
0.000644058 
0.000641632 
0.000639206 
0.000636781 
0.000634358 
0.000631935 
0.000629514 
0.000627094 
0.000624676 
0.00062226 
0.000619847 
0.000617436 
0.000615028 
0.000612623 
0.000610222 
0.000607825 
0.000605434 
0.00060305 
0.000600675 
0.000598308 
0.000595947 
0.000593591 
0.00059124 
0.000588893 
0.000586549 
0.000584209 
0.000581872 
0.000579539 
0.000577208 
0.00057488 
0.000572556 
0.000570234 
0.000567915 
0.0005656 
0.000563287 
0.000560978 
0.000558672 
0.000556369 
0.00055407 
0.000551775 
0.000549483 
0.000547194 
0.00054491 
0.00054263 
0.000540353 
0.000538081 
0.000535813 
0.000533549 
0.00053129 
0.000529036 
0.000526786 
0.000524541 
0.000522301 
0.000520066 
0.000517835 
0.00051561 
0.000513391 
0.000511177 
0.000508968 
0.000506765 
0.000504567 
0.000502375 
0.00050019 
0.00049801 
0.000495836 
0.000493669 
0.000491509 
0.000489354 
0.000487207 
0.000485067 
0.000482934 
0.000480809 
0.000478692 
0.000476583 
0.000474485 
0.000472398 
0.000470325 
0.000468265 
0.000466215 
0.000464174 
0.000462142 
0.000460117 
0.0004581 
0.000456089 
0.000454085 
0.000452087 
0.000450095 
0.000448109 
0.000446129 
