0 
-2.37169e-20 
-1.69407e-20 
-1.69407e-20 
-3.38813e-21 
-6.77626e-21 
-1.35525e-20 
0 
-1.35525e-20 
-1.35525e-20 
-1.35525e-20 
0 
-6.77626e-21 
3.38813e-21 
-3.38813e-21 
-3.38813e-21 
-6.77626e-21 
-2.37169e-20 
3.38813e-21 
3.38813e-21 
3.38813e-21 
-1.69407e-20 
-2.03288e-20 
3.38813e-21 
-6.77626e-21 
-2.37169e-20 
-3.38813e-21 
-1.01644e-20 
6.77626e-21 
-6.77626e-21 
-1.01644e-20 
0 
-1.01644e-20 
0 
-3.38813e-21 
-6.77626e-21 
-3.38813e-21 
-3.38813e-21 
3.38813e-21 
3.38813e-21 
0 
-1.01644e-20 
-3.38813e-21 
-1.35525e-20 
0 
0 
6.77626e-21 
3.38813e-21 
3.38813e-21 
-1.35525e-20 
0 
-6.77626e-21 
-0.00292242 
-0.00218333 
-0.001788 
-0.00154956 
-0.00139127 
0.00164412 
0.000990087 
0.000661407 
0.000476799 
0.000363029 
0.00028758 
0.000234628 
0.000195799 
0.000166329 
0.000143336 
0.000124989 
0.000110072 
9.77507e-05 
8.7434e-05 
7.8694e-05 
7.12135e-05 
6.47528e-05 
5.91278e-05 
5.41951e-05 
4.98415e-05 
4.59766e-05 
4.25273e-05 
3.94341e-05 
3.6648e-05 
3.41284e-05 
3.18414e-05 
2.97583e-05 
2.78551e-05 
2.61112e-05 
2.45089e-05 
2.3033e-05 
2.16704e-05 
2.04098e-05 
1.92412e-05 
1.81561e-05 
1.71468e-05 
1.62061e-05 
1.5328e-05 
1.45068e-05 
1.37377e-05 
1.30164e-05 
1.23389e-05 
1.17019e-05 
1.11022e-05 
1.0537e-05 
1.00036e-05 
9.49981e-06 
9.0235e-06 
8.57274e-06 
8.14578e-06 
7.74102e-06 
7.357e-06 
6.99237e-06 
6.6459e-06 
6.31644e-06 
6.00294e-06 
5.70445e-06 
5.42005e-06 
5.14893e-06 
4.89031e-06 
4.64348e-06 
4.40777e-06 
4.18257e-06 
3.96731e-06 
3.76144e-06 
3.56447e-06 
3.37592e-06 
3.19537e-06 
3.0224e-06 
2.85662e-06 
2.69768e-06 
2.54524e-06 
2.39898e-06 
2.2586e-06 
2.12382e-06 
1.99438e-06 
1.87002e-06 
1.75052e-06 
1.63565e-06 
1.52519e-06 
1.41896e-06 
1.31676e-06 
1.21842e-06 
1.12377e-06 
1.03264e-06 
9.449e-07 
8.60393e-07 
7.78987e-07 
7.00553e-07 
6.24968e-07 
5.52117e-07 
4.81889e-07 
4.14178e-07 
3.48885e-07 
2.85914e-07 
2.25175e-07 
1.6658e-07 
1.10048e-07 
5.54992e-08 
2.85903e-09 
-4.79445e-08 
-9.69798e-08 
-1.44312e-07 
-1.90005e-07 
-2.34117e-07 
-2.76706e-07 
-3.17827e-07 
-3.57532e-07 
-3.95871e-07 
-4.32893e-07 
-4.68644e-07 
-5.03167e-07 
-5.36506e-07 
-5.687e-07 
-5.99789e-07 
-6.29811e-07 
-6.58801e-07 
-6.86794e-07 
-7.13823e-07 
-7.39919e-07 
-7.65115e-07 
-7.89438e-07 
-8.12918e-07 
-8.35581e-07 
-8.57455e-07 
-8.78564e-07 
-8.98932e-07 
-9.18584e-07 
-9.37541e-07 
-9.55825e-07 
-9.73458e-07 
-9.9046e-07 
-1.00685e-06 
-1.02265e-06 
-1.03787e-06 
-1.05253e-06 
-1.06666e-06 
-1.08026e-06 
-1.09335e-06 
-1.10595e-06 
-1.11807e-06 
-1.12972e-06 
-1.14093e-06 
-1.1517e-06 
-1.16204e-06 
-1.17197e-06 
-1.1815e-06 
-1.19065e-06 
-1.19942e-06 
-1.20782e-06 
-1.21586e-06 
-1.22356e-06 
-1.23093e-06 
-1.23797e-06 
-1.24469e-06 
-1.25111e-06 
-1.25722e-06 
-1.26305e-06 
-1.26859e-06 
-1.27386e-06 
-1.27886e-06 
-1.28361e-06 
-1.2881e-06 
-1.29235e-06 
-1.29635e-06 
-1.30013e-06 
-1.30368e-06 
-1.30702e-06 
-1.31014e-06 
-1.31305e-06 
-1.31577e-06 
-1.31828e-06 
-1.32061e-06 
-1.32275e-06 
-1.32471e-06 
-1.3265e-06 
-1.32812e-06 
-1.32957e-06 
-1.33086e-06 
-1.33199e-06 
-1.33297e-06 
-1.33381e-06 
-1.3345e-06 
-1.33504e-06 
-1.33546e-06 
-1.33574e-06 
-1.33589e-06 
-1.33591e-06 
-1.33581e-06 
-1.3356e-06 
-1.33527e-06 
-1.33482e-06 
-1.33427e-06 
-1.33361e-06 
-1.33285e-06 
-1.33199e-06 
-1.33103e-06 
-1.32997e-06 
-1.32883e-06 
-1.32759e-06 
-1.32627e-06 
-1.32486e-06 
-1.32337e-06 
-1.32179e-06 
-1.32014e-06 
-1.31842e-06 
-1.31662e-06 
-1.31475e-06 
-1.31281e-06 
-1.3108e-06 
-1.30873e-06 
-1.30659e-06 
-1.3044e-06 
-1.30214e-06 
-1.29982e-06 
-1.29745e-06 
-1.29502e-06 
-1.29254e-06 
-1.29001e-06 
-1.28742e-06 
-1.28479e-06 
-1.28211e-06 
-1.27939e-06 
-1.27662e-06 
-1.27381e-06 
-1.27095e-06 
-1.26806e-06 
-1.26513e-06 
-1.26216e-06 
-1.25915e-06 
-1.25611e-06 
-1.25303e-06 
-1.24992e-06 
-1.24677e-06 
-1.2436e-06 
-1.2404e-06 
-1.23716e-06 
-1.2339e-06 
-1.23062e-06 
-1.2273e-06 
-1.22396e-06 
-1.2206e-06 
-1.21721e-06 
-1.2138e-06 
-1.21037e-06 
-1.20692e-06 
-1.20345e-06 
-1.19996e-06 
-1.19645e-06 
-1.19292e-06 
-1.18938e-06 
-1.18582e-06 
-1.18224e-06 
-1.17865e-06 
-1.17505e-06 
-1.17143e-06 
-1.1678e-06 
-1.16415e-06 
-1.1605e-06 
-1.15683e-06 
-1.15315e-06 
-1.14946e-06 
-1.14577e-06 
-1.14206e-06 
-1.13835e-06 
-1.13462e-06 
-1.1309e-06 
-1.12716e-06 
-1.12342e-06 
-1.11967e-06 
-1.11591e-06 
-1.11215e-06 
-1.10839e-06 
-1.10462e-06 
-1.10085e-06 
-1.09707e-06 
-1.09329e-06 
-1.08951e-06 
-1.08573e-06 
-1.08194e-06 
-1.07816e-06 
-1.07437e-06 
-1.07058e-06 
-1.06679e-06 
-1.063e-06 
-1.05921e-06 
-1.05542e-06 
-1.05164e-06 
-1.04785e-06 
-1.04406e-06 
-1.04028e-06 
-1.0365e-06 
-1.03272e-06 
-1.02894e-06 
-1.02516e-06 
-1.02139e-06 
-1.01762e-06 
-1.01386e-06 
-1.0101e-06 
-1.00634e-06 
-1.00259e-06 
-9.98836e-07 
-9.95091e-07 
-9.9135e-07 
-9.87615e-07 
-9.83885e-07 
-9.8016e-07 
-9.7644e-07 
-9.72726e-07 
-9.69018e-07 
-9.65316e-07 
-9.6162e-07 
-9.5793e-07 
-9.54247e-07 
-9.5057e-07 
-9.469e-07 
-9.43237e-07 
-9.39581e-07 
-9.35932e-07 
-9.32291e-07 
-9.28657e-07 
-9.2503e-07 
-9.21411e-07 
-9.178e-07 
-9.14197e-07 
-9.10602e-07 
-9.07015e-07 
-9.03436e-07 
-8.99866e-07 
-8.96303e-07 
-8.9275e-07 
-8.89205e-07 
-8.85668e-07 
-8.82141e-07 
-8.78622e-07 
-8.75112e-07 
-8.71611e-07 
-8.68119e-07 
-8.64636e-07 
-8.61163e-07 
-8.57698e-07 
-8.54243e-07 
-8.50798e-07 
-8.47361e-07 
-8.43934e-07 
-8.40517e-07 
-8.37109e-07 
-8.33711e-07 
-8.30322e-07 
-8.26943e-07 
-8.23574e-07 
-8.20214e-07 
-8.16864e-07 
-8.13524e-07 
-8.10194e-07 
-8.06873e-07 
-8.03562e-07 
-8.00261e-07 
-7.9697e-07 
-7.93689e-07 
-7.90417e-07 
-7.87155e-07 
-7.83903e-07 
-7.8066e-07 
-7.77428e-07 
-7.74205e-07 
-7.70991e-07 
-7.67787e-07 
-7.64593e-07 
-7.61408e-07 
-7.58233e-07 
-7.55067e-07 
-7.51911e-07 
-7.48764e-07 
-7.45625e-07 
-7.42496e-07 
-7.39376e-07 
-7.36265e-07 
-7.33163e-07 
-7.30069e-07 
-7.26984e-07 
-7.23907e-07 
-7.20838e-07 
-7.17777e-07 
-7.14724e-07 
-7.11679e-07 
-7.08641e-07 
-7.0561e-07 
-7.02586e-07 
-6.99569e-07 
-6.96558e-07 
-6.93553e-07 
-6.90554e-07 
-6.87561e-07 
-6.84572e-07 
-6.81588e-07 
-6.78608e-07 
-6.75633e-07 
-6.7266e-07 
-6.6969e-07 
-6.66722e-07 
-6.63756e-07 
-6.60791e-07 
-6.57826e-07 
-6.54861e-07 
-6.51895e-07 
-6.48926e-07 
-6.45955e-07 
-6.4298e-07 
-6.4e-07 
-6.37014e-07 
-6.34021e-07 
-6.3102e-07 
-6.28009e-07 
-6.24987e-07 
-6.21952e-07 
-6.18904e-07 
-6.15839e-07 
-6.12757e-07 
-6.09656e-07 
-6.06533e-07 
-6.03386e-07 
-6.00212e-07 
-5.9701e-07 
-5.93777e-07 
-5.90509e-07 
-5.87203e-07 
-5.83857e-07 
-5.80467e-07 
-5.77028e-07 
-5.73538e-07 
-5.69991e-07 
-5.66383e-07 
-5.62709e-07 
-5.58964e-07 
-5.55142e-07 
-5.51238e-07 
-5.47244e-07 
-5.43155e-07 
-5.38962e-07 
-5.34659e-07 
-5.30236e-07 
-5.25684e-07 
-5.20995e-07 
-5.16158e-07 
-5.11162e-07 
-5.05996e-07 
-5.00646e-07 
-4.95101e-07 
-4.89345e-07 
-4.83364e-07 
-4.77142e-07 
-4.7066e-07 
-4.63901e-07 
-4.56846e-07 
-4.49471e-07 
-4.41757e-07 
-4.33677e-07 
-4.25207e-07 
-4.16319e-07 
-4.06984e-07 
-3.97169e-07 
-3.86843e-07 
-3.75968e-07 
-3.64506e-07 
-3.52417e-07 
-3.39657e-07 
-3.26178e-07 
-3.11932e-07 
-2.96864e-07 
-2.80918e-07 
-2.64032e-07 
-2.46141e-07 
-2.27176e-07 
-2.07062e-07 
-1.8572e-07 
-1.63064e-07 
-1.39004e-07 
-1.13442e-07 
-8.62757e-08 
-5.73931e-08 
-2.6676e-08 
6.00235e-09 
4.07772e-08 
7.77931e-08 
1.17205e-07 
1.59177e-07 
2.03887e-07 
2.51523e-07 
3.02287e-07 
3.56393e-07 
4.14073e-07 
4.75573e-07 
5.41154e-07 
6.11099e-07 
6.85707e-07 
7.653e-07 
8.50221e-07 
9.40835e-07 
1.03753e-06 
1.14074e-06 
1.25089e-06 
1.36848e-06 
1.49401e-06 
1.62802e-06 
1.7711e-06 
1.92388e-06 
2.08701e-06 
2.26122e-06 
2.44726e-06 
2.64594e-06 
2.85814e-06 
3.08479e-06 
3.32687e-06 
3.58545e-06 
3.86166e-06 
4.15672e-06 
4.47191e-06 
4.80862e-06 
5.16833e-06 
5.55262e-06 
5.96318e-06 
6.40182e-06 
6.87045e-06 
7.37115e-06 
7.90611e-06 
8.4777e-06 
9.08841e-06 
9.74095e-06 
1.04382e-05 
1.11832e-05 
1.19792e-05 
1.28299e-05 
1.37388e-05 
1.471e-05 
1.57478e-05 
1.68567e-05 
1.80417e-05 
1.9308e-05 
2.06611e-05 
2.21071e-05 
2.36522e-05 
2.53034e-05 
2.70678e-05 
2.89533e-05 
3.09682e-05 
3.31214e-05 
3.54223e-05 
3.78811e-05 
4.05087e-05 
4.33166e-05 
4.63173e-05 
4.9524e-05 
5.29507e-05 
5.66128e-05 
6.05262e-05 
6.47082e-05 
6.91774e-05 
7.39534e-05 
7.90573e-05 
8.45116e-05 
9.03404e-05 
9.65695e-05 
0.000103226 
0.00011034 
0.000117942 
0.000126066 
0.000134748 
0.000144027 
0.000153942 
0.000164538 
0.000175862 
0.000187963 
0.000200895 
0.000214716 
0.000229485 
0.000245268 
0.000262136 
0.000280161 
0.000299425 
0.000320011 
0.000342011 
0.000365521 
0.000390646 
0.000417496 
0.00044619 
0.000476855 
0.000509625 
0.000544645 
0.00058207 
0.000622065 
0.000664806 
0.000710482 
0.000759294 
0.000811459 
0.000867205 
0.000926778 
0.000990443 
0.00105848 
0.00113119 
0.00120889 
0.00129192 
0.00138065 
0.00147548 
0.00157682 
0.00168512 
0.00180085 
0.00192452 
0.00205669 
0.00219793 
0.00234887 
0.00251017 
0.00268254 
0.00286674 
0.00306359 
0.00327395 
0.00349875 
0.00373899 
0.00399571 
0.00427005 
0.00456323 
0.00487653 
0.00521134 
0.00556913 
0.00595149 
0.0063601 
0.00679678 
0.00726346 
0.00776221 
0.00829529 
0.00886493 
0.00947359 
0.0101239 
0.0108187 
0.011561 
0.0123541 
0.0132014 
0.0141066 
0.0150739 
0.0161074 
0.0172117 
0.0183915 
0.0196518 
0.020998 
0.0224361 
0.0239725 
0.0256138 
0.027367 
0.0292395 
0.0312396 
0.0333762 
0.0356581 
0.038095 
0.0406979 
0.0434776 
0.0464459 
0.0496161 
0.0530009 
0.0566154 
0.0604745 
0.0645948 
0.0689932 
0.0736887 
0.0786999 
0.0840473 
0.0897525 
0.0958377 
0.102325 
0.109239 
0.116602 
0.124435 
0.13276 
0.141591 
0.150942 
0.160814 
0.171198 
0.182064 
0.19336 
0.204994 
0.216832 
0.228673 
0.240239 
0.251153 
0.260925 
0.26894 
0.274468 
0.276694 
0.274791 
0.268041 
0.255982 
0.238572 
0.216311 
0.190242 
0.161844 
0.132788 
0.104657 
0.0787046 
0.0557309 
0.0360697 
0.0196758 
0.00625128 
-0.00463135 
-0.0134308 
-0.0205763 
-0.0264359 
-0.0313088 
-0.0354274 
-0.038968 
-0.0420608 
-0.0448012 
-0.0472583 
-0.0494823 
-0.0515093 
-0.0533659 
-0.0550718 
-0.0566415 
-0.0580867 
-0.0594162 
-0.0606375 
-0.0617567 
-0.0627794 
-0.0637103 
-0.0645541 
-0.0653148 
-0.0659966 
-0.0666032 
-0.0671383 
-0.0676056 
-0.0680085 
-0.0683505 
-0.068635 
-0.0688652 
-0.0690442 
-0.0691752 
-0.0692611 
-0.0693049 
-0.0693094 
-0.0692772 
-0.0692111 
-0.0691134 
-0.0689867 
-0.0688333 
-0.0686553 
-0.068455 
-0.0682344 
-0.0679954 
-0.0677399 
-0.0674697 
-0.0671865 
-0.0668919 
-0.0665876 
-0.066275 
-0.0659557 
-0.065631 
-0.0653024 
-0.0649712 
-0.0646389 
-0.0643063 
-0.0639746 
-0.063645 
-0.063319 
-0.062998 
-0.0626837 
-0.0623773 
-0.0620804 
-0.0617945 
-0.0615214 
-0.0612635 
-0.0610229 
-0.060802 
-0.0606018 
-0.0604238 
-0.0602699 
-0.0601422 
-0.0600428 
-0.059974 
-0.0599379 
-0.059938 
-0.0599764 
-0.0600544 
-0.060172 
-0.0603295 
-0.0605275 
-0.0607655 
-0.0610427 
-0.0613573 
-0.0617064 
-0.062086 
-0.0624906 
-0.0629126 
-0.0633421 
-0.0637676 
-0.064175 
-0.0645481 
-0.0648682 
-0.065114 
-0.0652622 
-0.0652871 
-0.0651611 
-0.0648553 
-0.0643406 
-0.0635888 
-0.0625737 
-0.0612737 
-0.0596743 
-0.0577641 
-0.0555422 
-0.0530189 
-0.0502176 
-0.0471748 
-0.0439353 
-0.0405516 
-0.0370837 
-0.0335959 
-0.0301525 
-0.0268133 
-0.0236303 
-0.0206456 
-0.0178897 
-0.015382 
-0.0131307 
-0.0111331 
-0.00938013 
-0.00785582 
-0.0065413 
-0.00541525 
-0.00445622 
-0.00364314 
-0.00295617 
-0.00237721 
-0.00189014 
-0.00148077 
-0.00113684 
-0.000847823 
-0.00060479 
-0.000400216 
-0.000227786 
-8.22178e-05 
4.08951e-05 
0.000145222 
0.000233816 
0.000309217 
0.00037354 
0.000428544 
0.000475697 
0.000516225 
0.000551153 
0.000581338 
0.0006075 
0.000630245 
0.000650081 
0.000667439 
0.00068268 
0.000696113 
0.000707997 
0.000718554 
0.000727971 
0.000736409 
0.000744003 
0.000750872 
0.000757113 
0.000762812 
0.000768043 
0.000772868 
0.00077734 
0.000781506 
0.000785405 
0.000789072 
0.000792536 
0.000795821 
0.00079895 
0.000801942 
0.000804812 
0.000807575 
0.000810242 
0.000812824 
0.000815329 
0.000817766 
0.000820139 
0.000822457 
0.000824722 
0.000826938 
0.000829111 
0.000831242 
0.000833334 
0.000835389 
0.000837409 
0.000839395 
0.000841348 
0.000843271 
0.000845162 
0.000847024 
0.000848857 
0.00085066 
0.000852435 
0.000854181 
0.0008559 
0.00085759 
0.000859251 
0.000860885 
0.00086249 
0.000864068 
0.000865617 
0.000867138 
0.00086863 
0.000870093 
0.000871527 
0.000872931 
0.000874305 
0.00087565 
0.000876964 
0.000878248 
0.000879501 
0.000880724 
0.000881916 
0.000883077 
0.000884206 
0.000885305 
0.000886371 
0.000887406 
0.00088841 
0.000889381 
0.00089032 
0.000891227 
0.000892102 
0.000892945 
0.000893755 
0.000894533 
0.000895278 
0.00089599 
0.00089667 
0.000897317 
0.000897931 
0.000898512 
0.000899061 
0.000899576 
0.000900059 
0.000900509 
0.000900927 
0.000901311 
0.000901663 
0.000901982 
0.000902268 
0.000902522 
0.000902743 
0.000902932 
0.000903089 
0.000903215 
0.000903309 
0.000903371 
0.0009034 
0.000903397 
0.000903362 
0.000903295 
0.000903195 
0.000903062 
0.000902898 
0.000902702 
0.000902474 
0.000902214 
0.000901922 
0.000901599 
0.000901245 
0.00090086 
0.000900443 
0.000899996 
0.000899518 
0.00089901 
0.000898471 
0.000897903 
0.000897304 
0.000896676 
0.000896019 
0.000895332 
0.000894616 
0.000893872 
0.000893099 
0.000892297 
0.000891468 
0.00089061 
0.000889725 
0.000888813 
0.000887873 
0.000886907 
0.000885915 
0.000884896 
0.000883851 
0.000882782 
0.000881687 
0.00088057 
0.000879428 
0.000878262 
0.000877071 
0.000875856 
0.000874615 
0.000873351 
0.000872062 
0.000870749 
0.000869412 
0.000868051 
0.000866666 
0.000865259 
0.000863828 
0.000862375 
0.000860899 
0.000859402 
0.000857882 
0.000856341 
0.000854778 
0.000853194 
0.00085159 
0.000849965 
0.00084832 
0.000846655 
0.000844971 
0.000843268 
0.000841545 
0.000839804 
0.000838045 
0.000836267 
0.000834472 
0.00083266 
0.00083083 
0.000828984 
0.000827121 
0.000825243 
0.000823349 
0.00082144 
0.000819517 
0.00081758 
0.000815631 
0.000813671 
0.000811698 
0.000809711 
0.000807711 
0.000805697 
0.00080367 
0.000801629 
0.000799575 
0.000797507 
0.000795427 
0.000793333 
0.000791227 
0.000789108 
0.000786977 
0.000784834 
0.00078268 
0.000780514 
0.000778337 
0.000776148 
0.00077395 
0.00077174 
0.000769521 
0.000767292 
0.000765053 
0.000762805 
0.000760548 
0.000758283 
0.000756009 
0.000753726 
0.000751436 
0.000749138 
0.000746833 
0.000744521 
0.000742202 
0.000739876 
0.000737545 
0.000735208 
0.000732865 
0.000730517 
0.000728165 
0.000725808 
0.000723449 
0.000721087 
0.000718726 
0.000716364 
0.000714 
0.000711634 
0.000709265 
0.000706892 
0.000704516 
0.000702137 
0.000699754 
0.000697367 
0.000694977 
0.000692583 
0.000690186 
0.000687786 
0.000685383 
0.000682977 
0.000680569 
0.000678158 
0.000675744 
0.000673329 
0.000670911 
0.000668492 
0.000666071 
0.000663648 
0.000661225 
0.0006588 
0.000656375 
0.000653949 
0.000651523 
0.000649096 
0.000646669 
0.000644243 
0.000641817 
0.000639391 
0.000636966 
0.000634542 
0.000632119 
0.000629698 
0.000627278 
0.00062486 
0.000622444 
0.00062003 
0.000617619 
0.00061521 
0.000612805 
0.000610404 
0.000608007 
0.000605615 
0.00060323 
0.000600855 
0.000598487 
0.000596126 
0.000593769 
0.000591418 
0.00058907 
0.000586727 
0.000584386 
0.000582049 
0.000579715 
0.000577384 
0.000575056 
0.000572731 
0.000570409 
0.00056809 
0.000565774 
0.000563462 
0.000561152 
0.000558846 
0.000556543 
0.000554243 
0.000551947 
0.000549655 
0.000547366 
0.000545082 
0.000542801 
0.000540524 
0.000538252 
0.000535983 
0.000533719 
0.00053146 
0.000529205 
0.000526955 
0.000524709 
0.000522469 
0.000520233 
0.000518002 
0.000515777 
0.000513557 
0.000511342 
0.000509133 
0.000506929 
0.000504731 
0.000502539 
0.000500353 
0.000498173 
0.000495999 
0.000493831 
0.00049167 
0.000489515 
0.000487368 
0.000485227 
0.000483094 
0.000480968 
0.00047885 
0.000476741 
0.000474641 
0.000472553 
0.00047048 
0.000468419 
0.000466368 
0.000464327 
0.000462294 
0.000460268 
0.000458251 
0.00045624 
0.000454235 
0.000452236 
0.000450244 
0.000448258 
