0 
-2.37169e-20 
-1.69407e-20 
-1.69407e-20 
-3.38813e-21 
-3.38813e-21 
-1.69407e-20 
0 
-1.35525e-20 
-6.77626e-21 
-1.35525e-20 
-6.77626e-21 
-1.35525e-20 
3.38813e-21 
-3.38813e-21 
-3.38813e-21 
-1.35525e-20 
-2.03288e-20 
-3.38813e-21 
3.38813e-21 
3.38813e-21 
-1.69407e-20 
-2.03288e-20 
0 
-6.77626e-21 
-2.03288e-20 
0 
-6.77626e-21 
6.77626e-21 
-6.77626e-21 
-3.38813e-21 
-3.38813e-21 
-1.01644e-20 
-3.38813e-21 
-3.38813e-21 
-3.38813e-21 
-3.38813e-21 
-6.77626e-21 
3.38813e-21 
6.77626e-21 
0 
-1.01644e-20 
-3.38813e-21 
-1.01644e-20 
-3.38813e-21 
3.38813e-21 
6.77626e-21 
3.38813e-21 
6.77626e-21 
-6.77626e-21 
0 
-6.77626e-21 
-0.00680982 
-0.00508816 
-0.00416705 
-0.0036114 
-0.00324251 
0.00383059 
0.00230715 
0.00154135 
0.00111117 
0.000846023 
0.000670177 
0.000546759 
0.000456255 
0.000387563 
0.000333969 
0.000291203 
0.000256431 
0.000227709 
0.00020366 
0.000183287 
0.000165849 
0.000150789 
0.000137677 
0.000126178 
0.00011603 
0.000107021 
9.898e-05 
9.17694e-05 
8.52745e-05 
7.94008e-05 
7.4069e-05 
6.92126e-05 
6.47751e-05 
6.07086e-05 
5.6972e-05 
5.35296e-05 
5.0351e-05 
4.74094e-05 
4.46815e-05 
4.21469e-05 
3.97877e-05 
3.7588e-05 
3.55337e-05 
3.36122e-05 
3.18125e-05 
3.01246e-05 
2.85394e-05 
2.70489e-05 
2.56459e-05 
2.43237e-05 
2.30765e-05 
2.18988e-05 
2.07857e-05 
1.97326e-05 
1.87356e-05 
1.77909e-05 
1.68949e-05 
1.60446e-05 
1.52371e-05 
1.44696e-05 
1.37397e-05 
1.30452e-05 
1.23839e-05 
1.17538e-05 
1.11532e-05 
1.05804e-05 
1.00338e-05 
9.51204e-06 
9.01367e-06 
8.53749e-06 
8.08239e-06 
7.64742e-06 
7.23159e-06 
6.83383e-06 
6.45311e-06 
6.08853e-06 
5.73922e-06 
5.4044e-06 
5.08331e-06 
4.77527e-06 
4.47963e-06 
4.19578e-06 
3.92316e-06 
3.66123e-06 
3.40949e-06 
3.16746e-06 
2.93472e-06 
2.71082e-06 
2.49539e-06 
2.28804e-06 
2.08842e-06 
1.8962e-06 
1.71107e-06 
1.53272e-06 
1.36087e-06 
1.19525e-06 
1.0356e-06 
8.81689e-07 
7.3328e-07 
5.90154e-07 
4.52104e-07 
3.18931e-07 
1.90445e-07 
6.64677e-08 
-5.31737e-08 
-1.68643e-07 
-2.80095e-07 
-3.87681e-07 
-4.91542e-07 
-5.91814e-07 
-6.88629e-07 
-7.82109e-07 
-8.72375e-07 
-9.5954e-07 
-1.04371e-06 
-1.125e-06 
-1.2035e-06 
-1.27931e-06 
-1.35252e-06 
-1.42323e-06 
-1.4915e-06 
-1.55744e-06 
-1.6211e-06 
-1.68258e-06 
-1.74194e-06 
-1.79925e-06 
-1.85458e-06 
-1.90799e-06 
-1.95955e-06 
-2.00931e-06 
-2.05733e-06 
-2.10367e-06 
-2.14838e-06 
-2.1915e-06 
-2.2331e-06 
-2.27322e-06 
-2.31189e-06 
-2.34918e-06 
-2.38511e-06 
-2.41974e-06 
-2.4531e-06 
-2.48522e-06 
-2.51616e-06 
-2.54593e-06 
-2.57458e-06 
-2.60214e-06 
-2.62865e-06 
-2.65412e-06 
-2.67861e-06 
-2.70212e-06 
-2.72469e-06 
-2.74636e-06 
-2.76714e-06 
-2.78705e-06 
-2.80614e-06 
-2.82441e-06 
-2.84189e-06 
-2.85861e-06 
-2.87459e-06 
-2.88984e-06 
-2.90439e-06 
-2.91826e-06 
-2.93147e-06 
-2.94403e-06 
-2.95597e-06 
-2.9673e-06 
-2.97803e-06 
-2.98819e-06 
-2.99779e-06 
-3.00685e-06 
-3.01538e-06 
-3.02339e-06 
-3.03091e-06 
-3.03793e-06 
-3.04449e-06 
-3.05059e-06 
-3.05623e-06 
-3.06145e-06 
-3.06624e-06 
-3.07062e-06 
-3.0746e-06 
-3.07819e-06 
-3.0814e-06 
-3.08424e-06 
-3.08673e-06 
-3.08886e-06 
-3.09066e-06 
-3.09213e-06 
-3.09328e-06 
-3.09411e-06 
-3.09464e-06 
-3.09488e-06 
-3.09483e-06 
-3.0945e-06 
-3.0939e-06 
-3.09304e-06 
-3.09192e-06 
-3.09054e-06 
-3.08893e-06 
-3.08708e-06 
-3.085e-06 
-3.08269e-06 
-3.08017e-06 
-3.07744e-06 
-3.0745e-06 
-3.07137e-06 
-3.06804e-06 
-3.06452e-06 
-3.06081e-06 
-3.05693e-06 
-3.05288e-06 
-3.04865e-06 
-3.04426e-06 
-3.03972e-06 
-3.03502e-06 
-3.03017e-06 
-3.02517e-06 
-3.02004e-06 
-3.01476e-06 
-3.00935e-06 
-3.00382e-06 
-2.99815e-06 
-2.99237e-06 
-2.98646e-06 
-2.98045e-06 
-2.97432e-06 
-2.96808e-06 
-2.96174e-06 
-2.95529e-06 
-2.94875e-06 
-2.94212e-06 
-2.93539e-06 
-2.92857e-06 
-2.92166e-06 
-2.91467e-06 
-2.9076e-06 
-2.90045e-06 
-2.89323e-06 
-2.88593e-06 
-2.87856e-06 
-2.87112e-06 
-2.86361e-06 
-2.85605e-06 
-2.84842e-06 
-2.84073e-06 
-2.83298e-06 
-2.82518e-06 
-2.81732e-06 
-2.80941e-06 
-2.80145e-06 
-2.79345e-06 
-2.7854e-06 
-2.77731e-06 
-2.76917e-06 
-2.76099e-06 
-2.75278e-06 
-2.74452e-06 
-2.73624e-06 
-2.72791e-06 
-2.71956e-06 
-2.71117e-06 
-2.70276e-06 
-2.69431e-06 
-2.68584e-06 
-2.67735e-06 
-2.66883e-06 
-2.66028e-06 
-2.65172e-06 
-2.64313e-06 
-2.63453e-06 
-2.62591e-06 
-2.61727e-06 
-2.60862e-06 
-2.59995e-06 
-2.59127e-06 
-2.58257e-06 
-2.57387e-06 
-2.56515e-06 
-2.55642e-06 
-2.54769e-06 
-2.53895e-06 
-2.5302e-06 
-2.52145e-06 
-2.51269e-06 
-2.50392e-06 
-2.49516e-06 
-2.48639e-06 
-2.47762e-06 
-2.46884e-06 
-2.46007e-06 
-2.4513e-06 
-2.44253e-06 
-2.43376e-06 
-2.425e-06 
-2.41623e-06 
-2.40748e-06 
-2.39872e-06 
-2.38997e-06 
-2.38123e-06 
-2.37249e-06 
-2.36376e-06 
-2.35504e-06 
-2.34633e-06 
-2.33762e-06 
-2.32893e-06 
-2.32024e-06 
-2.31156e-06 
-2.3029e-06 
-2.29424e-06 
-2.2856e-06 
-2.27696e-06 
-2.26834e-06 
-2.25974e-06 
-2.25114e-06 
-2.24256e-06 
-2.234e-06 
-2.22544e-06 
-2.21691e-06 
-2.20838e-06 
-2.19988e-06 
-2.19139e-06 
-2.18291e-06 
-2.17445e-06 
-2.16601e-06 
-2.15758e-06 
-2.14918e-06 
-2.14079e-06 
-2.13241e-06 
-2.12406e-06 
-2.11572e-06 
-2.10741e-06 
-2.09911e-06 
-2.09083e-06 
-2.08257e-06 
-2.07433e-06 
-2.0661e-06 
-2.0579e-06 
-2.04972e-06 
-2.04156e-06 
-2.03342e-06 
-2.0253e-06 
-2.0172e-06 
-2.00913e-06 
-2.00107e-06 
-1.99304e-06 
-1.98502e-06 
-1.97703e-06 
-1.96906e-06 
-1.96111e-06 
-1.95319e-06 
-1.94528e-06 
-1.9374e-06 
-1.92954e-06 
-1.9217e-06 
-1.91389e-06 
-1.9061e-06 
-1.89833e-06 
-1.89058e-06 
-1.88286e-06 
-1.87516e-06 
-1.86748e-06 
-1.85983e-06 
-1.85219e-06 
-1.84459e-06 
-1.837e-06 
-1.82944e-06 
-1.8219e-06 
-1.81438e-06 
-1.80689e-06 
-1.79942e-06 
-1.79197e-06 
-1.78455e-06 
-1.77714e-06 
-1.76976e-06 
-1.76241e-06 
-1.75508e-06 
-1.74776e-06 
-1.74048e-06 
-1.73321e-06 
-1.72597e-06 
-1.71875e-06 
-1.71155e-06 
-1.70437e-06 
-1.69721e-06 
-1.69008e-06 
-1.68296e-06 
-1.67587e-06 
-1.6688e-06 
-1.66175e-06 
-1.65472e-06 
-1.64771e-06 
-1.64071e-06 
-1.63374e-06 
-1.62679e-06 
-1.61985e-06 
-1.61293e-06 
-1.60603e-06 
-1.59915e-06 
-1.59228e-06 
-1.58543e-06 
-1.5786e-06 
-1.57177e-06 
-1.56496e-06 
-1.55817e-06 
-1.55139e-06 
-1.54461e-06 
-1.53785e-06 
-1.5311e-06 
-1.52435e-06 
-1.51761e-06 
-1.51088e-06 
-1.50415e-06 
-1.49742e-06 
-1.4907e-06 
-1.48398e-06 
-1.47725e-06 
-1.47052e-06 
-1.46378e-06 
-1.45704e-06 
-1.45028e-06 
-1.44351e-06 
-1.43673e-06 
-1.42993e-06 
-1.42311e-06 
-1.41626e-06 
-1.40939e-06 
-1.40248e-06 
-1.39554e-06 
-1.38857e-06 
-1.38154e-06 
-1.37447e-06 
-1.36735e-06 
-1.36017e-06 
-1.35293e-06 
-1.34561e-06 
-1.33822e-06 
-1.33075e-06 
-1.32318e-06 
-1.31552e-06 
-1.30775e-06 
-1.29986e-06 
-1.29185e-06 
-1.2837e-06 
-1.2754e-06 
-1.26694e-06 
-1.25832e-06 
-1.24951e-06 
-1.2405e-06 
-1.23127e-06 
-1.22182e-06 
-1.21211e-06 
-1.20214e-06 
-1.19188e-06 
-1.18132e-06 
-1.17042e-06 
-1.15917e-06 
-1.14753e-06 
-1.13549e-06 
-1.12301e-06 
-1.11006e-06 
-1.0966e-06 
-1.0826e-06 
-1.06802e-06 
-1.05282e-06 
-1.03696e-06 
-1.02039e-06 
-1.00305e-06 
-9.84893e-07 
-9.65863e-07 
-9.45897e-07 
-9.2493e-07 
-9.0289e-07 
-8.79703e-07 
-8.55288e-07 
-8.29559e-07 
-8.02425e-07 
-7.73788e-07 
-7.43542e-07 
-7.11576e-07 
-6.7777e-07 
-6.41996e-07 
-6.04118e-07 
-5.63989e-07 
-5.21454e-07 
-4.76346e-07 
-4.28486e-07 
-3.77683e-07 
-3.23736e-07 
-2.66425e-07 
-2.05518e-07 
-1.40767e-07 
-7.19071e-08 
1.34631e-09 
7.92962e-08 
1.62267e-07 
2.50604e-07 
3.44678e-07 
4.44884e-07 
5.51646e-07 
6.65413e-07 
7.8667e-07 
9.15933e-07 
1.05375e-06 
1.20071e-06 
1.35745e-06 
1.52464e-06 
1.70299e-06 
1.89328e-06 
2.09633e-06 
2.313e-06 
2.54425e-06 
2.79108e-06 
3.05455e-06 
3.3358e-06 
3.63607e-06 
3.95667e-06 
4.29897e-06 
4.66449e-06 
5.05481e-06 
5.47164e-06 
5.91681e-06 
6.39225e-06 
6.90005e-06 
7.44244e-06 
8.02179e-06 
8.64064e-06 
9.30171e-06 
1.00079e-05 
1.07623e-05 
1.15682e-05 
1.24292e-05 
1.33491e-05 
1.43318e-05 
1.53818e-05 
1.65036e-05 
1.77021e-05 
1.89827e-05 
2.0351e-05 
2.1813e-05 
2.33752e-05 
2.50443e-05 
2.68278e-05 
2.87336e-05 
3.07699e-05 
3.29459e-05 
3.5271e-05 
3.77556e-05 
4.04106e-05 
4.32476e-05 
4.62792e-05 
4.95188e-05 
5.29806e-05 
5.66799e-05 
6.0633e-05 
6.48574e-05 
6.93716e-05 
7.41956e-05 
7.93507e-05 
8.48596e-05 
9.07466e-05 
9.70376e-05 
0.00010376 
0.000110945 
0.000118622 
0.000126827 
0.000135594 
0.000144964 
0.000154977 
0.000165677 
0.000177112 
0.000189332 
0.000202391 
0.000216347 
0.00023126 
0.000247198 
0.00026423 
0.000282432 
0.000301883 
0.00032267 
0.000344884 
0.000368623 
0.000393992 
0.000421104 
0.000450077 
0.000481039 
0.000514127 
0.000549487 
0.000587276 
0.000627659 
0.000670814 
0.000716933 
0.000766219 
0.000818889 
0.000875175 
0.000935326 
0.000999607 
0.0010683 
0.00114171 
0.00122016 
0.001304 
0.0013936 
0.00148934 
0.00159166 
0.001701 
0.00181785 
0.00194273 
0.00207617 
0.00221878 
0.00237118 
0.00253403 
0.00270807 
0.00289406 
0.00309281 
0.0033052 
0.00353218 
0.00377473 
0.00403394 
0.00431093 
0.00460694 
0.00492327 
0.00526132 
0.00562257 
0.00600862 
0.00642118 
0.00686208 
0.00733328 
0.00783686 
0.00837509 
0.00895023 
0.00956476 
0.0102213 
0.0109228 
0.0116723 
0.012473 
0.0133284 
0.0142424 
0.015219 
0.0162625 
0.0173775 
0.0185686 
0.0198409 
0.0212001 
0.022652 
0.0242032 
0.0258603 
0.0276303 
0.0295208 
0.0315401 
0.0336972 
0.036001 
0.0384612 
0.0410891 
0.0438954 
0.0468922 
0.0500928 
0.05351 
0.057159 
0.0610549 
0.0652145 
0.0696548 
0.0743949 
0.0794538 
0.0848517 
0.0906107 
0.0967528 
0.103301 
0.110278 
0.117707 
0.12561 
0.134007 
0.142913 
0.15234 
0.162287 
0.172743 
0.183676 
0.195027 
0.206702 
0.218554 
0.230375 
0.241873 
0.252654 
0.26221 
0.26991 
0.275009 
0.276684 
0.274118 
0.266617 
0.25377 
0.235611 
0.212719 
0.186213 
0.157614 
0.1286 
0.100716 
0.0751588 
0.0526568 
0.0334828 
0.0175451 
0.00451948 
-0.00603101 
-0.0145637 
-0.0215002 
-0.0271989 
-0.0319486 
-0.0359731 
-0.039441 
-0.042477 
-0.0451722 
-0.0475925 
-0.0497856 
-0.0517862 
-0.0536196 
-0.0553047 
-0.0568556 
-0.0582833 
-0.0595966 
-0.0608026 
-0.0619074 
-0.0629164 
-0.0638343 
-0.0646656 
-0.0654146 
-0.0660851 
-0.066681 
-0.067206 
-0.0676637 
-0.0680575 
-0.0683909 
-0.0686673 
-0.0688898 
-0.0690616 
-0.0691859 
-0.0692655 
-0.0693035 
-0.0693025 
-0.0692653 
-0.0691944 
-0.0690925 
-0.0689619 
-0.0688048 
-0.0686236 
-0.0684203 
-0.068197 
-0.0679555 
-0.0676979 
-0.0674257 
-0.0671408 
-0.0668447 
-0.0665389 
-0.0662251 
-0.0659046 
-0.0655787 
-0.0652491 
-0.0649171 
-0.0645841 
-0.0642515 
-0.0639207 
-0.0635928 
-0.0632687 
-0.0629496 
-0.062637 
-0.0623325 
-0.0620377 
-0.0617542 
-0.0614836 
-0.0612277 
-0.0609886 
-0.0607691 
-0.0605715 
-0.0603975 
-0.0602482 
-0.0601254 
-0.0600313 
-0.0599678 
-0.0599373 
-0.0599417 
-0.0599841 
-0.0600666 
-0.0601903 
-0.0603546 
-0.0605593 
-0.0608039 
-0.0610874 
-0.0614078 
-0.0617619 
-0.0621452 
-0.062552 
-0.0629745 
-0.0634032 
-0.0638262 
-0.0642292 
-0.0645956 
-0.0649064 
-0.0651399 
-0.0652721 
-0.0652771 
-0.0651269 
-0.0647928 
-0.0642457 
-0.0634573 
-0.0624027 
-0.0610619 
-0.0594179 
-0.0574618 
-0.0551945 
-0.0526293 
-0.0497929 
-0.0467208 
-0.0434568 
-0.0400556 
-0.0365792 
-0.0330925 
-0.0296597 
-0.0263396 
-0.0231835 
-0.020231 
-0.0175108 
-0.01504 
-0.0128259 
-0.0108648 
-0.00914606 
-0.00765345 
-0.00636761 
-0.00526708 
-0.00433045 
-0.0035368 
-0.0028665 
-0.00230175 
-0.00182672 
-0.00142751 
-0.00109211 
-0.000810237 
-0.00057318 
-0.000373601 
-0.000205344 
-6.32632e-05 
5.69334e-05 
0.000158819 
0.000245368 
0.000319053 
0.000381934 
0.000435723 
0.000481853 
0.000521517 
0.000555713 
0.000585278 
0.000610914 
0.000633211 
0.000652666 
0.000669698 
0.000684662 
0.000697857 
0.000709538 
0.00071992 
0.000729188 
0.000737496 
0.00074498 
0.000751753 
0.000757911 
0.00076354 
0.000768709 
0.00077348 
0.000777906 
0.000782031 
0.000785895 
0.000789531 
0.000792968 
0.00079623 
0.000799339 
0.000802313 
0.000805167 
0.000807915 
0.00081057 
0.000813141 
0.000815636 
0.000818063 
0.000820429 
0.000822738 
0.000824996 
0.000827207 
0.000829374 
0.000831499 
0.000833586 
0.000835636 
0.000837651 
0.000839633 
0.000841582 
0.000843501 
0.000845388 
0.000847246 
0.000849075 
0.000850874 
0.000852645 
0.000854388 
0.000856102 
0.000857788 
0.000859446 
0.000861076 
0.000862678 
0.000864252 
0.000865797 
0.000867314 
0.000868802 
0.000870262 
0.000871691 
0.000873091 
0.000874462 
0.000875802 
0.000877112 
0.000878392 
0.000879642 
0.00088086 
0.000882048 
0.000883204 
0.00088433 
0.000885424 
0.000886486 
0.000887517 
0.000888516 
0.000889483 
0.000890418 
0.000891321 
0.000892191 
0.000893029 
0.000893835 
0.000894608 
0.000895349 
0.000896057 
0.000896732 
0.000897375 
0.000897984 
0.000898561 
0.000899105 
0.000899617 
0.000900095 
0.00090054 
0.000900953 
0.000901333 
0.00090168 
0.000901995 
0.000902277 
0.000902526 
0.000902743 
0.000902928 
0.000903081 
0.000903202 
0.000903291 
0.000903349 
0.000903374 
0.000903367 
0.000903327 
0.000903255 
0.000903151 
0.000903014 
0.000902846 
0.000902645 
0.000902412 
0.000902148 
0.000901852 
0.000901525 
0.000901166 
0.000900777 
0.000900356 
0.000899905 
0.000899423 
0.00089891 
0.000898368 
0.000897795 
0.000897192 
0.00089656 
0.000895899 
0.000895208 
0.000894488 
0.00089374 
0.000892963 
0.000892157 
0.000891324 
0.000890463 
0.000889574 
0.000888658 
0.000887715 
0.000886745 
0.000885749 
0.000884727 
0.000883679 
0.000882605 
0.000881508 
0.000880387 
0.000879242 
0.000878073 
0.000876878 
0.000875659 
0.000874416 
0.000873148 
0.000871856 
0.000870539 
0.000869199 
0.000867835 
0.000866447 
0.000865037 
0.000863603 
0.000862147 
0.000860668 
0.000859167 
0.000857644 
0.0008561 
0.000854535 
0.000852948 
0.000851341 
0.000849713 
0.000848066 
0.000846398 
0.000844711 
0.000843005 
0.00084128 
0.000839537 
0.000837775 
0.000835995 
0.000834197 
0.000832383 
0.000830551 
0.000828702 
0.000826838 
0.000824957 
0.000823061 
0.00082115 
0.000819225 
0.000817286 
0.000815336 
0.000813374 
0.000811399 
0.000809411 
0.000807409 
0.000805393 
0.000803364 
0.000801321 
0.000799265 
0.000797196 
0.000795113 
0.000793018 
0.00079091 
0.00078879 
0.000786657 
0.000784513 
0.000782357 
0.000780189 
0.00077801 
0.000775821 
0.000773621 
0.00077141 
0.000769189 
0.000766959 
0.000764719 
0.00076247 
0.000760212 
0.000757945 
0.00075567 
0.000753386 
0.000751095 
0.000748796 
0.00074649 
0.000744177 
0.000741857 
0.000739531 
0.000737199 
0.000734861 
0.000732517 
0.000730169 
0.000727816 
0.000725459 
0.000723099 
0.000720738 
0.000718376 
0.000716014 
0.00071365 
0.000711284 
0.000708914 
0.000706541 
0.000704165 
0.000701785 
0.000699401 
0.000697014 
0.000694623 
0.000692229 
0.000689832 
0.000687432 
0.000685029 
0.000682622 
0.000680213 
0.000677802 
0.000675388 
0.000672973 
0.000670555 
0.000668135 
0.000665714 
0.000663292 
0.000660868 
0.000658443 
0.000656018 
0.000653592 
0.000651166 
0.000648739 
0.000646312 
0.000643886 
0.00064146 
0.000639034 
0.00063661 
0.000634186 
0.000631763 
0.000629342 
0.000626922 
0.000624505 
0.000622089 
0.000619676 
0.000617265 
0.000614857 
0.000612453 
0.000610052 
0.000607656 
0.000605265 
0.000602881 
0.000600507 
0.00059814 
0.000595779 
0.000593424 
0.000591073 
0.000588726 
0.000586383 
0.000584043 
0.000581706 
0.000579373 
0.000577043 
0.000574715 
0.000572391 
0.000570069 
0.000567751 
0.000565435 
0.000563123 
0.000560814 
0.000558508 
0.000556206 
0.000553907 
0.000551611 
0.00054932 
0.000547032 
0.000544747 
0.000542467 
0.000540191 
0.000537919 
0.000535652 
0.000533388 
0.00053113 
0.000528875 
0.000526626 
0.000524381 
0.000522141 
0.000519906 
0.000517677 
0.000515452 
0.000513233 
0.000511019 
0.00050881 
0.000506608 
0.00050441 
0.000502219 
0.000500034 
0.000497855 
0.000495681 
0.000493515 
0.000491355 
0.000489201 
0.000487054 
0.000484914 
0.000482782 
0.000480658 
0.000478541 
0.000476433 
0.000474335 
0.000472249 
0.000470177 
0.000468118 
0.000466068 
0.000464028 
0.000461997 
0.000459973 
0.000457956 
0.000455946 
0.000453942 
0.000451945 
0.000449953 
0.000447967 
0.000445987 
0.000444013 
0.000442044 
0.000440081 
0.000438123 
0.000436171 
0.000434224 
