0 
3.38813e-21 
-6.77626e-21 
-6.77626e-21 
-3.38813e-21 
-3.38813e-21 
0 
-6.77626e-21 
6.77626e-21 
0 
0 
-1.01644e-20 
-3.38813e-21 
3.38813e-21 
-3.38813e-21 
-3.38813e-21 
-6.77626e-21 
0 
-6.77626e-21 
-3.38813e-21 
0 
-3.38813e-21 
-3.38813e-21 
-3.38813e-21 
3.38813e-21 
0 
-6.77626e-21 
6.77626e-21 
3.38813e-21 
3.38813e-21 
0 
6.77626e-21 
1.01644e-20 
-3.38813e-21 
3.38813e-21 
3.38813e-21 
3.38813e-21 
3.38813e-21 
-3.38813e-21 
3.38813e-21 
3.38813e-21 
6.77626e-21 
-3.38813e-21 
3.38813e-21 
-3.38813e-21 
3.38813e-21 
-3.38813e-21 
-3.38813e-21 
0 
3.38813e-21 
-3.38813e-21 
-3.38813e-21 
-0.0102017 
-0.00762322 
-0.00624341 
-0.00541097 
-0.00485826 
0.0057379 
0.00345642 
0.00230933 
0.00166486 
0.00126761 
0.00100413 
0.000819205 
0.000683593 
0.000580663 
0.000500355 
0.000436271 
0.000384167 
0.000341128 
0.000305093 
0.000274565 
0.000248437 
0.00022587 
0.000206223 
0.000188995 
0.00017379 
0.000160291 
0.000148244 
0.000137441 
0.000127711 
0.000118911 
0.000110924 
0.000103648 
9.70008e-05 
9.09092e-05 
8.53117e-05 
8.01552e-05 
7.53938e-05 
7.09875e-05 
6.69015e-05 
6.3105e-05 
5.95713e-05 
5.62764e-05 
5.31994e-05 
5.03214e-05 
4.76258e-05 
4.50975e-05 
4.27232e-05 
4.04908e-05 
3.83893e-05 
3.6409e-05 
3.45408e-05 
3.27768e-05 
3.11095e-05 
2.95321e-05 
2.80387e-05 
2.66234e-05 
2.52813e-05 
2.40075e-05 
2.27977e-05 
2.16478e-05 
2.05543e-05 
1.95136e-05 
1.85226e-05 
1.75784e-05 
1.66783e-05 
1.58196e-05 
1.50002e-05 
1.42177e-05 
1.34703e-05 
1.27559e-05 
1.20728e-05 
1.14193e-05 
1.07939e-05 
1.01952e-05 
9.62179e-06 
9.07237e-06 
8.54576e-06 
8.04085e-06 
7.55658e-06 
7.09196e-06 
6.64605e-06 
6.21797e-06 
5.8069e-06 
5.41205e-06 
5.03269e-06 
4.66813e-06 
4.31773e-06 
3.98089e-06 
3.65715e-06 
3.34597e-06 
3.04677e-06 
2.759e-06 
2.48214e-06 
2.21569e-06 
1.9592e-06 
1.71222e-06 
1.47436e-06 
1.24522e-06 
1.02442e-06 
8.1163e-07 
6.06511e-07 
4.08753e-07 
2.18058e-07 
3.41462e-08 
-1.43251e-07 
-3.14388e-07 
-4.79505e-07 
-6.38834e-07 
-7.92594e-07 
-9.40992e-07 
-1.08423e-06 
-1.2225e-06 
-1.35597e-06 
-1.48483e-06 
-1.60924e-06 
-1.72936e-06 
-1.84533e-06 
-1.95731e-06 
-2.06543e-06 
-2.16983e-06 
-2.27063e-06 
-2.36796e-06 
-2.46193e-06 
-2.55265e-06 
-2.64024e-06 
-2.7248e-06 
-2.80642e-06 
-2.8852e-06 
-2.96124e-06 
-3.03463e-06 
-3.10544e-06 
-3.17376e-06 
-3.23967e-06 
-3.30324e-06 
-3.36456e-06 
-3.42368e-06 
-3.48068e-06 
-3.53562e-06 
-3.58856e-06 
-3.63958e-06 
-3.68871e-06 
-3.73603e-06 
-3.78159e-06 
-3.82543e-06 
-3.86762e-06 
-3.9082e-06 
-3.94721e-06 
-3.98471e-06 
-4.02073e-06 
-4.05533e-06 
-4.08854e-06 
-4.12041e-06 
-4.15096e-06 
-4.18025e-06 
-4.2083e-06 
-4.23516e-06 
-4.26085e-06 
-4.28541e-06 
-4.30887e-06 
-4.33127e-06 
-4.35263e-06 
-4.37298e-06 
-4.39235e-06 
-4.41077e-06 
-4.42826e-06 
-4.44486e-06 
-4.46058e-06 
-4.47545e-06 
-4.48949e-06 
-4.50273e-06 
-4.51519e-06 
-4.52689e-06 
-4.53785e-06 
-4.54809e-06 
-4.55763e-06 
-4.56649e-06 
-4.5747e-06 
-4.58226e-06 
-4.58919e-06 
-4.59552e-06 
-4.60125e-06 
-4.60641e-06 
-4.61101e-06 
-4.61506e-06 
-4.61859e-06 
-4.6216e-06 
-4.62411e-06 
-4.62613e-06 
-4.62768e-06 
-4.62876e-06 
-4.6294e-06 
-4.6296e-06 
-4.62938e-06 
-4.62874e-06 
-4.62771e-06 
-4.62628e-06 
-4.62447e-06 
-4.62229e-06 
-4.61976e-06 
-4.61687e-06 
-4.61365e-06 
-4.61009e-06 
-4.60621e-06 
-4.60202e-06 
-4.59753e-06 
-4.59274e-06 
-4.58766e-06 
-4.58231e-06 
-4.57668e-06 
-4.57079e-06 
-4.56464e-06 
-4.55825e-06 
-4.55161e-06 
-4.54474e-06 
-4.53763e-06 
-4.53031e-06 
-4.52277e-06 
-4.51503e-06 
-4.50708e-06 
-4.49893e-06 
-4.49059e-06 
-4.48206e-06 
-4.47336e-06 
-4.46448e-06 
-4.45543e-06 
-4.44621e-06 
-4.43684e-06 
-4.42731e-06 
-4.41763e-06 
-4.4078e-06 
-4.39784e-06 
-4.38773e-06 
-4.3775e-06 
-4.36714e-06 
-4.35665e-06 
-4.34604e-06 
-4.33532e-06 
-4.32448e-06 
-4.31354e-06 
-4.30249e-06 
-4.29134e-06 
-4.28009e-06 
-4.26875e-06 
-4.25732e-06 
-4.24579e-06 
-4.23419e-06 
-4.2225e-06 
-4.21073e-06 
-4.19889e-06 
-4.18697e-06 
-4.17498e-06 
-4.16293e-06 
-4.15081e-06 
-4.13863e-06 
-4.12639e-06 
-4.11409e-06 
-4.10174e-06 
-4.08933e-06 
-4.07688e-06 
-4.06437e-06 
-4.05182e-06 
-4.03923e-06 
-4.0266e-06 
-4.01392e-06 
-4.00121e-06 
-3.98846e-06 
-3.97568e-06 
-3.96287e-06 
-3.95003e-06 
-3.93716e-06 
-3.92427e-06 
-3.91135e-06 
-3.8984e-06 
-3.88544e-06 
-3.87245e-06 
-3.85945e-06 
-3.84643e-06 
-3.8334e-06 
-3.82035e-06 
-3.80729e-06 
-3.79422e-06 
-3.78114e-06 
-3.76805e-06 
-3.75495e-06 
-3.74185e-06 
-3.72874e-06 
-3.71563e-06 
-3.70252e-06 
-3.68941e-06 
-3.67629e-06 
-3.66318e-06 
-3.65007e-06 
-3.63696e-06 
-3.62386e-06 
-3.61076e-06 
-3.59767e-06 
-3.58459e-06 
-3.57151e-06 
-3.55844e-06 
-3.54538e-06 
-3.53234e-06 
-3.5193e-06 
-3.50628e-06 
-3.49327e-06 
-3.48027e-06 
-3.46729e-06 
-3.45432e-06 
-3.44137e-06 
-3.42843e-06 
-3.41551e-06 
-3.40261e-06 
-3.38973e-06 
-3.37687e-06 
-3.36403e-06 
-3.3512e-06 
-3.3384e-06 
-3.32562e-06 
-3.31286e-06 
-3.30013e-06 
-3.28742e-06 
-3.27473e-06 
-3.26206e-06 
-3.24943e-06 
-3.23681e-06 
-3.22422e-06 
-3.21166e-06 
-3.19912e-06 
-3.18661e-06 
-3.17413e-06 
-3.16167e-06 
-3.14924e-06 
-3.13684e-06 
-3.12447e-06 
-3.11213e-06 
-3.09982e-06 
-3.08753e-06 
-3.07528e-06 
-3.06306e-06 
-3.05087e-06 
-3.0387e-06 
-3.02657e-06 
-3.01447e-06 
-3.00241e-06 
-2.99037e-06 
-2.97837e-06 
-2.96639e-06 
-2.95445e-06 
-2.94255e-06 
-2.93067e-06 
-2.91883e-06 
-2.90702e-06 
-2.89525e-06 
-2.88351e-06 
-2.8718e-06 
-2.86013e-06 
-2.84849e-06 
-2.83688e-06 
-2.82531e-06 
-2.81377e-06 
-2.80227e-06 
-2.7908e-06 
-2.77937e-06 
-2.76797e-06 
-2.7566e-06 
-2.74527e-06 
-2.73398e-06 
-2.72272e-06 
-2.71149e-06 
-2.7003e-06 
-2.68914e-06 
-2.67802e-06 
-2.66693e-06 
-2.65588e-06 
-2.64486e-06 
-2.63388e-06 
-2.62293e-06 
-2.61201e-06 
-2.60113e-06 
-2.59029e-06 
-2.57947e-06 
-2.56869e-06 
-2.55795e-06 
-2.54723e-06 
-2.53655e-06 
-2.52591e-06 
-2.51529e-06 
-2.50471e-06 
-2.49416e-06 
-2.48364e-06 
-2.47315e-06 
-2.4627e-06 
-2.45227e-06 
-2.44187e-06 
-2.43151e-06 
-2.42117e-06 
-2.41086e-06 
-2.40058e-06 
-2.39032e-06 
-2.38009e-06 
-2.36989e-06 
-2.35971e-06 
-2.34956e-06 
-2.33943e-06 
-2.32932e-06 
-2.31923e-06 
-2.30916e-06 
-2.29911e-06 
-2.28907e-06 
-2.27906e-06 
-2.26905e-06 
-2.25906e-06 
-2.24908e-06 
-2.23911e-06 
-2.22915e-06 
-2.21919e-06 
-2.20924e-06 
-2.19929e-06 
-2.18933e-06 
-2.17937e-06 
-2.16941e-06 
-2.15943e-06 
-2.14944e-06 
-2.13943e-06 
-2.1294e-06 
-2.11935e-06 
-2.10927e-06 
-2.09915e-06 
-2.089e-06 
-2.0788e-06 
-2.06856e-06 
-2.05826e-06 
-2.04789e-06 
-2.03746e-06 
-2.02696e-06 
-2.01637e-06 
-2.00569e-06 
-1.99491e-06 
-1.98403e-06 
-1.97302e-06 
-1.96188e-06 
-1.95061e-06 
-1.93918e-06 
-1.92758e-06 
-1.9158e-06 
-1.90383e-06 
-1.89165e-06 
-1.87924e-06 
-1.86659e-06 
-1.85367e-06 
-1.84046e-06 
-1.82695e-06 
-1.81311e-06 
-1.79891e-06 
-1.78432e-06 
-1.76933e-06 
-1.75389e-06 
-1.73798e-06 
-1.72155e-06 
-1.70458e-06 
-1.68702e-06 
-1.66883e-06 
-1.64996e-06 
-1.63037e-06 
-1.61e-06 
-1.5888e-06 
-1.5667e-06 
-1.54365e-06 
-1.51957e-06 
-1.4944e-06 
-1.46805e-06 
-1.44044e-06 
-1.41149e-06 
-1.38109e-06 
-1.34916e-06 
-1.31557e-06 
-1.28021e-06 
-1.24297e-06 
-1.2037e-06 
-1.16227e-06 
-1.11853e-06 
-1.07231e-06 
-1.02344e-06 
-9.71738e-07 
-9.17009e-07 
-8.59041e-07 
-7.9761e-07 
-7.32474e-07 
-6.63379e-07 
-5.90048e-07 
-5.1219e-07 
-4.29491e-07 
-3.41616e-07 
-2.48209e-07 
-1.48885e-07 
-4.3238e-08 
6.91698e-08 
1.88805e-07 
3.16165e-07 
4.51784e-07 
5.9623e-07 
7.50112e-07 
9.14081e-07 
1.08883e-06 
1.27511e-06 
1.4737e-06 
1.68545e-06 
1.91128e-06 
2.15215e-06 
2.4091e-06 
2.68323e-06 
2.97572e-06 
3.28784e-06 
3.62094e-06 
3.97646e-06 
4.35594e-06 
4.76103e-06 
5.1935e-06 
5.65522e-06 
6.1482e-06 
6.6746e-06 
7.23671e-06 
7.83698e-06 
8.47805e-06 
9.16271e-06 
9.89396e-06 
1.0675e-05 
1.15092e-05 
1.24004e-05 
1.33523e-05 
1.43691e-05 
1.54554e-05 
1.66159e-05 
1.78556e-05 
1.91801e-05 
2.05951e-05 
2.21069e-05 
2.37221e-05 
2.54479e-05 
2.72917e-05 
2.92618e-05 
3.13668e-05 
3.3616e-05 
3.60193e-05 
3.85872e-05 
4.13311e-05 
4.4263e-05 
4.7396e-05 
5.07437e-05 
5.43209e-05 
5.81435e-05 
6.22281e-05 
6.6593e-05 
7.12572e-05 
7.62414e-05 
8.15676e-05 
8.72591e-05 
9.33412e-05 
9.98406e-05 
0.000106786 
0.000114208 
0.00012214 
0.000130615 
0.000139673 
0.000149352 
0.000159696 
0.000170749 
0.000182562 
0.000195185 
0.000208675 
0.000223091 
0.000238496 
0.00025496 
0.000272553 
0.000291355 
0.000311447 
0.000332919 
0.000355865 
0.000380386 
0.000406591 
0.000434596 
0.000464523 
0.000496505 
0.000530683 
0.000567207 
0.00060624 
0.000647952 
0.000692528 
0.000740166 
0.000791074 
0.000845477 
0.000903616 
0.000965746 
0.00103214 
0.0011031 
0.00117892 
0.00125996 
0.00134655 
0.0014391 
0.00153799 
0.00164368 
0.00175662 
0.00187731 
0.00200629 
0.00214413 
0.00229143 
0.00244884 
0.00261705 
0.00279681 
0.00298892 
0.0031942 
0.00341359 
0.00364803 
0.00389856 
0.00416629 
0.00445239 
0.00475814 
0.00508487 
0.00543404 
0.00580717 
0.00620593 
0.00663207 
0.00708748 
0.00757419 
0.00809437 
0.00865029 
0.00924431 
0.00987899 
0.0105571 
0.0112815 
0.0120556 
0.0128825 
0.013766 
0.01471 
0.0157186 
0.0167964 
0.0179479 
0.019178 
0.0204919 
0.0218956 
0.023395 
0.024997 
0.0267083 
0.028536 
0.0304882 
0.0325735 
0.0348009 
0.0371796 
0.0397201 
0.0424336 
0.0453311 
0.0484256 
0.05173 
0.0552584 
0.059026 
0.0630484 
0.0673429 
0.0719271 
0.0768199 
0.0820419 
0.0876136 
0.093557 
0.0998948 
0.10665 
0.113846 
0.121504 
0.129647 
0.138292 
0.147453 
0.157135 
0.167334 
0.178029 
0.189176 
0.2007 
0.212484 
0.224352 
0.236058 
0.247263 
0.257519 
0.266258 
0.27279 
0.276323 
0.276028 
0.271128 
0.261043 
0.245567 
0.224987 
0.200161 
0.172425 
0.143414 
0.114772 
0.0879012 
0.0637725 
0.0428851 
0.0253185 
0.0108509 
-0.000909917 
-0.0104202 
-0.0181251 
-0.0244172 
-0.029621 
-0.0339926 
-0.0377275 
-0.0409715 
-0.0438316 
-0.0463857 
-0.0486902 
-0.0507857 
-0.0527022 
-0.0544613 
-0.0560794 
-0.0575691 
-0.0589401 
-0.0602002 
-0.0613562 
-0.0624137 
-0.0633778 
-0.064253 
-0.0650438 
-0.0657541 
-0.0663878 
-0.0669486 
-0.0674403 
-0.0678663 
-0.0682302 
-0.0685353 
-0.0687849 
-0.0689822 
-0.0691304 
-0.0692324 
-0.0692913 
-0.0693098 
-0.0692908 
-0.0692369 
-0.0691506 
-0.0690344 
-0.0688906 
-0.0687216 
-0.0685294 
-0.0683162 
-0.068084 
-0.0678345 
-0.0675696 
-0.0672911 
-0.0670005 
-0.0666995 
-0.0663895 
-0.0660721 
-0.0657486 
-0.0654204 
-0.065089 
-0.0647557 
-0.0644218 
-0.0640886 
-0.0637574 
-0.0634295 
-0.0631063 
-0.0627891 
-0.0624797 
-0.0621802 
-0.0618921 
-0.0616172 
-0.0613559 
-0.06111 
-0.0608814 
-0.0606721 
-0.060484 
-0.0603192 
-0.0601801 
-0.0600701 
-0.0599916 
-0.0599466 
-0.0599358 
-0.0599606 
-0.0600228 
-0.0601236 
-0.0602643 
-0.0604455 
-0.0606682 
-0.0609321 
-0.0612356 
-0.0615755 
-0.0619468 
-0.0623442 
-0.0627609 
-0.0631883 
-0.0636158 
-0.0640306 
-0.0644174 
-0.0647586 
-0.0650339 
-0.0652207 
-0.0652935 
-0.0652254 
-0.064988 
-0.0645532 
-0.0638925 
-0.0629782 
-0.0617862 
-0.0602974 
-0.0585 
-0.0563931 
-0.0539823 
-0.0512834 
-0.0483253 
-0.0451488 
-0.0418078 
-0.0383615 
-0.0348731 
-0.0314063 
-0.0280225 
-0.0247769 
-0.0217152 
-0.0188729 
-0.0162737 
-0.0139286 
-0.0118388 
-0.00999768 
-0.00839133 
-0.00700212 
-0.0058094 
-0.00479148 
-0.00392709 
-0.00319591 
-0.00257914 
-0.00205996 
-0.00162349 
-0.00125674 
-0.000948595 
-0.000689548 
-0.000471582 
-0.000287958 
-0.000133034 
-2.09815e-06 
0.000108776 
0.000202856 
0.00028286 
0.000351049 
0.000409307 
0.000459204 
0.000502048 
0.000538935 
0.000570779 
0.00059835 
0.000622292 
0.000643148 
0.000661374 
0.000677358 
0.000691425 
0.000703853 
0.000714876 
0.000724693 
0.000733475 
0.000741366 
0.00074849 
0.000754952 
0.000760842 
0.000766238 
0.000771205 
0.000775802 
0.000780075 
0.000784069 
0.000787817 
0.000791353 
0.000794701 
0.000797886 
0.000800926 
0.000803839 
0.00080664 
0.000809341 
0.000811954 
0.000814486 
0.000816947 
0.000819343 
0.000821681 
0.000823964 
0.000826199 
0.000828387 
0.000830533 
0.000832639 
0.000834708 
0.00083674 
0.000838739 
0.000840704 
0.000842638 
0.000844541 
0.000846414 
0.000848257 
0.000850071 
0.000851857 
0.000853614 
0.000855342 
0.000857043 
0.000858715 
0.000860359 
0.000861975 
0.000863563 
0.000865123 
0.000866654 
0.000868157 
0.00086963 
0.000871075 
0.00087249 
0.000873876 
0.000875231 
0.000876557 
0.000877852 
0.000879117 
0.000880351 
0.000881554 
0.000882726 
0.000883867 
0.000884977 
0.000886056 
0.000887102 
0.000888117 
0.000889101 
0.000890052 
0.000890971 
0.000891858 
0.000892712 
0.000893534 
0.000894324 
0.000895081 
0.000895805 
0.000896497 
0.000897156 
0.000897783 
0.000898376 
0.000898937 
0.000899464 
0.000899959 
0.000900422 
0.000900851 
0.000901247 
0.000901611 
0.000901942 
0.00090224 
0.000902506 
0.000902739 
0.00090294 
0.000903109 
0.000903247 
0.000903352 
0.000903426 
0.000903467 
0.000903476 
0.000903453 
0.000903397 
0.000903309 
0.000903189 
0.000903036 
0.000902852 
0.000902635 
0.000902387 
0.000902107 
0.000901796 
0.000901453 
0.000901079 
0.000900674 
0.000900238 
0.000899771 
0.000899274 
0.000898746 
0.000898189 
0.000897601 
0.000896984 
0.000896337 
0.000895661 
0.000894956 
0.000894222 
0.000893459 
0.000892668 
0.000891849 
0.000891002 
0.000890127 
0.000889224 
0.000888295 
0.000887338 
0.000886355 
0.000885346 
0.000884311 
0.00088325 
0.000882165 
0.000881056 
0.000879923 
0.000878766 
0.000877584 
0.000876377 
0.000875146 
0.00087389 
0.00087261 
0.000871306 
0.000869977 
0.000868625 
0.000867249 
0.00086585 
0.000864428 
0.000862983 
0.000861515 
0.000860025 
0.000858513 
0.00085698 
0.000855425 
0.000853849 
0.000852252 
0.000850634 
0.000848997 
0.000847339 
0.000845662 
0.000843965 
0.00084225 
0.000840515 
0.000838762 
0.000836991 
0.000835202 
0.000833396 
0.000831573 
0.000829733 
0.000827876 
0.000826003 
0.000824115 
0.000822211 
0.000820293 
0.00081836 
0.000816416 
0.000814459 
0.00081249 
0.000810509 
0.000808513 
0.000806505 
0.000804482 
0.000802446 
0.000800397 
0.000798334 
0.000796258 
0.000794169 
0.000792067 
0.000789953 
0.000787826 
0.000785688 
0.000783537 
0.000781375 
0.000779202 
0.000777018 
0.000774822 
0.000772617 
0.000770401 
0.000768175 
0.00076594 
0.000763695 
0.000761441 
0.000759179 
0.000756908 
0.000754628 
0.00075234 
0.000750045 
0.000747743 
0.000745433 
0.000743116 
0.000740793 
0.000738463 
0.000736128 
0.000733787 
0.000731441 
0.00072909 
0.000726735 
0.000724376 
0.000722014 
0.000719653 
0.000717291 
0.000714927 
0.000712562 
0.000710194 
0.000707822 
0.000705447 
0.000703069 
0.000700687 
0.000698301 
0.000695912 
0.00069352 
0.000691124 
0.000688725 
0.000686323 
0.000683918 
0.00068151 
0.0006791 
0.000676687 
0.000674272 
0.000671855 
0.000669436 
0.000667015 
0.000664593 
0.00066217 
0.000659746 
0.000657321 
0.000654895 
0.000652468 
0.000650041 
0.000647614 
0.000645188 
0.000642761 
0.000640335 
0.00063791 
0.000635485 
0.000633062 
0.000630639 
0.000628219 
0.0006258 
0.000623383 
0.000620968 
0.000618555 
0.000616146 
0.000613739 
0.000611336 
0.000608937 
0.000606543 
0.000604155 
0.000601777 
0.000599406 
0.000597043 
0.000594684 
0.000592331 
0.000589982 
0.000587636 
0.000585294 
0.000582956 
0.000580621 
0.000578288 
0.000575959 
0.000573633 
0.00057131 
0.000568989 
0.000566672 
0.000564358 
0.000562047 
0.000559739 
0.000557435 
0.000555134 
0.000552836 
0.000550542 
0.000548252 
0.000545966 
0.000543683 
0.000541405 
0.000539131 
0.000536861 
0.000534595 
0.000532334 
0.000530077 
0.000527825 
0.000525577 
0.000523335 
0.000521097 
0.000518864 
0.000516637 
0.000514415 
0.000512198 
0.000509986 
0.00050778 
0.00050558 
0.000503386 
0.000501197 
0.000499015 
0.000496838 
0.000494668 
0.000492504 
0.000490347 
0.000488196 
0.000486053 
0.000483917 
0.000481788 
0.000479667 
0.000477554 
0.000475451 
0.000473358 
0.00047128 
0.000469214 
0.000467159 
0.000465115 
0.000463079 
0.00046105 
0.00045903 
0.000457016 
0.000455009 
0.000453008 
0.000451013 
0.000449024 
0.000447041 
0.000445064 
0.000443092 
0.000441126 
0.000439165 
0.000437209 
0.00043526 
0.000433315 
0.000431376 
0.000429443 
0.000427515 
