0 
2.71051e-20 
2.37169e-20 
-6.77626e-21 
1.69407e-20 
1.01644e-20 
-1.35525e-20 
6.77626e-21 
3.04932e-20 
-3.38813e-21 
-1.35525e-20 
-1.01644e-20 
1.01644e-20 
1.35525e-20 
2.71051e-20 
-1.01644e-20 
-3.38813e-21 
6.77626e-21 
1.01644e-20 
0 
1.01644e-20 
3.38813e-21 
-1.35525e-20 
6.77626e-21 
2.03288e-20 
1.69407e-20 
1.69407e-20 
2.71051e-20 
-3.38813e-21 
2.71051e-20 
1.01644e-20 
1.35525e-20 
6.77626e-21 
1.35525e-20 
-1.01644e-20 
6.77626e-21 
1.35525e-20 
3.38813e-21 
-6.77626e-21 
3.38813e-21 
-1.01644e-20 
-1.01644e-20 
-3.38813e-21 
6.77626e-21 
6.77626e-21 
6.77626e-21 
-2.37169e-20 
-1.35525e-20 
3.38813e-21 
1.69407e-20 
1.01644e-20 
1.35525e-20 
3.38813e-21 
1.01644e-20 
1.69407e-20 
-3.38813e-21 
-1.01644e-20 
-3.38813e-21 
-1.69407e-20 
-1.01644e-20 
1.35525e-20 
3.38813e-21 
-1.69407e-20 
6.77626e-21 
-6.77626e-21 
-6.77626e-21 
1.35525e-20 
6.77626e-21 
6.77626e-21 
1.01644e-20 
3.38813e-21 
-3.38813e-21 
1.69407e-20 
-6.77626e-21 
3.38813e-21 
-1.01644e-20 
3.38813e-21 
-2.37169e-20 
0 
-6.77626e-21 
-1.69407e-20 
-1.35525e-20 
-6.77626e-21 
-6.77626e-21 
6.77626e-21 
-1.01644e-20 
-6.77626e-21 
0 
-6.77626e-21 
6.77626e-21 
6.77626e-21 
6.77626e-21 
6.77626e-21 
-6.77626e-21 
-3.38813e-21 
-1.01644e-20 
-1.35525e-20 
-6.77626e-21 
3.38813e-21 
0 
0 
-3.38813e-21 
-6.77626e-21 
0 
1.01644e-20 
1.35525e-20 
-1.69407e-20 
3.38813e-21 
-1.01644e-20 
-3.38813e-21 
-1.01644e-20 
-3.38813e-21 
3.38813e-21 
3.38813e-21 
-6.77626e-21 
-6.77626e-21 
-6.77626e-21 
0 
-6.77626e-21 
-6.77626e-21 
0 
0 
3.38813e-21 
1.01644e-20 
0 
-3.38813e-21 
1.35525e-20 
-6.77626e-21 
-1.01644e-20 
1.01644e-20 
-3.38813e-21 
-3.38813e-21 
-1.69407e-20 
0 
-6.77626e-21 
3.38813e-21 
-6.77626e-21 
0 
-3.38813e-21 
3.38813e-21 
0 
-3.38813e-21 
1.01644e-20 
-3.38813e-21 
0 
0 
3.38813e-21 
8.47033e-21 
1.69407e-21 
3.38813e-21 
1.18585e-20 
1.52466e-20 
-3.38813e-21 
-5.0822e-21 
1.69407e-21 
-5.0822e-21 
1.18585e-20 
-3.38813e-21 
-1.69407e-21 
5.0822e-21 
0 
5.0822e-21 
3.38813e-21 
-8.47033e-21 
-3.38813e-21 
-1.69407e-21 
-8.47033e-21 
-8.47033e-21 
1.69407e-21 
-1.52466e-20 
-5.0822e-21 
-1.18585e-20 
-5.0822e-21 
5.0822e-21 
3.38813e-21 
6.77626e-21 
-1.69407e-21 
1.69407e-21 
3.38813e-21 
3.38813e-21 
1.69407e-21 
-1.69407e-21 
3.38813e-21 
-1.69407e-21 
-1.69407e-21 
-3.38813e-21 
1.69407e-21 
-3.38813e-21 
5.0822e-21 
3.38813e-21 
1.69407e-21 
0 
0 
-6.77626e-21 
-3.38813e-21 
1.69407e-21 
-3.38813e-21 
-5.0822e-21 
1.69407e-21 
6.77626e-21 
1.69407e-21 
-5.0822e-21 
-3.38813e-21 
0 
1.69407e-21 
1.69407e-21 
-1.69407e-21 
3.38813e-21 
0 
-5.0822e-21 
-3.38813e-21 
1.69407e-21 
-1.69407e-21 
3.38813e-21 
-3.38813e-21 
-5.0822e-21 
1.69407e-21 
8.47033e-22 
-7.6233e-21 
-3.38813e-21 
-5.92923e-21 
5.0822e-21 
8.47033e-22 
-5.92923e-21 
-8.47033e-22 
3.38813e-21 
3.38813e-21 
2.5411e-21 
8.47033e-22 
8.47033e-22 
-5.0822e-21 
8.47033e-22 
0 
2.5411e-21 
1.69407e-21 
1.69407e-21 
-8.47033e-22 
4.23516e-21 
8.47033e-22 
-8.47033e-22 
-1.69407e-21 
0 
-3.38813e-21 
-4.23516e-21 
-1.69407e-21 
-1.69407e-21 
-8.47033e-22 
8.47033e-22 
3.38813e-21 
8.47033e-22 
0 
1.69407e-21 
-1.74318 
-0.608948 
-0.0739893 
0.115843 
0.139472 
1.96754 
0.919269 
0.426786 
0.226845 
0.152712 
0.128298 
0.1224 
0.12283 
0.124987 
0.127207 
0.128944 
0.13005 
0.130506 
0.130309 
0.129433 
0.127821 
0.125376 
0.121963 
0.117414 
0.111526 
0.104067 
0.0947848 
0.0834135 
0.0696864 
0.0533589 
0.034234 
0.0121976 
-0.0127438 
-0.0404267 
-0.0704792 
-0.102312 
-0.135112 
-0.167868 
-0.199434 
-0.228622 
-0.25431 
-0.275559 
-0.291704 
-0.302409 
-0.307666 
-0.30778 
-0.303293 
-0.294909 
-0.283409 
-0.269583 
-0.25417 
-0.237824 
-0.221094 
-0.204417 
-0.188127 
-0.172462 
-0.157582 
-0.14358 
-0.1305 
-0.118348 
-0.107104 
-0.0967282 
-0.0871717 
-0.0783781 
-0.0702889 
-0.0628458 
-0.0559931 
-0.0496778 
-0.043851 
-0.0384679 
-0.0334877 
-0.0288738 
-0.0245936 
-0.0206175 
-0.0169195 
-0.0134761 
-0.0102668 
-0.00727319 
-0.00447871 
-0.00186862 
0.000570293 
0.00284996 
0.00498113 
0.00697357 
0.00883621 
0.0105772 
0.0122041 
0.0137238 
0.0151428 
0.0164671 
0.0177023 
0.0188538 
0.0199265 
0.0209252 
0.0218542 
0.022718 
0.0235204 
0.0242652 
0.024956 
0.0255963 
0.0261894 
0.0267384 
0.0272462 
0.0277157 
0.0281496 
0.0285503 
0.0289204 
0.029262 
0.029577 
0.0298675 
0.0301352 
0.0303812 
0.0306069 
0.0308138 
0.0310039 
0.031179 
0.0313403 
0.0314889 
0.0316252 
0.0317495 
0.0318621 
0.0319636 
0.0320563 
0.0321425 
0.0322225 
0.0322953 
0.0323611 
0.0324203 
0.0324752 
0.0325281 
0.0325795 
0.0326298 
0.0326789 
0.0327279 
0.0327803 
0.0328378 
0.0329019 
0.032973 
0.0330511 
0.0331408 
0.0332447 
0.033364 
0.0335001 
0.0336532 
0.0338275 
0.0340252 
0.0342477 
0.034496 
0.0347716 
0.0350763 
0.0354108 
0.0357756 
0.0361704 
0.0365951 
0.0370495 
0.0375319 
0.038038 
0.0385633 
0.0391027 
0.0396497 
0.0401979 
0.0407387 
0.0412614 
0.0417532 
0.0421987 
0.042583 
0.0428916 
0.0431108 
0.0432263 
0.0432249 
0.0430934 
0.0428223 
0.0424079 
0.0418494 
0.0411481 
0.040308 
0.0393386 
0.0382539 
0.0370672 
0.0357962 
0.0344579 
0.0330702 
0.0316501 
0.0302148 
0.0287782 
0.0273549 
0.025955 
0.0245885 
0.0232628 
0.0219835 
0.020755 
0.0195799 
0.0184597 
0.0173949 
0.0163854 
0.0154301 
0.0145276 
0.0136762 
0.0128738 
0.0121184 
0.0114076 
0.0107391 
0.0101105 
0.0095198 
0.00896464 
0.00844296 
0.00795275 
0.00749207 
0.00705911 
0.00665213 
0.00626952 
0.00590974 
0.00557136 
0.00525304 
0.00495351 
0.00467159 
0.00440619 
0.00415625 
0.00392082 
0.00369899 
0.00348991 
0.0032928 
0.00310691 
0.00293155 
0.00276608 
0.00260989 
0.00246241 
0.00232312 
0.00219153 
0.00206716 
0.00194959 
0.0018384 
0.00173323 
0.00163372 
0.00153953 
0.00145034 
0.00136588 
0.00128586 
0.00121002 
0.00113813 
0.00106995 
0.00100528 
0.000943917 
0.000885672 
0.000830369 
0.000777844 
0.000727942 
0.000680516 
0.000635429 
0.000592553 
0.000551766 
0.000512954 
0.000476009 
0.000440831 
0.000407324 
0.000375399 
0.000344971 
0.00031596 
0.000288292 
0.000261896 
0.000236706 
0.000212657 
0.000189692 
0.000167754 
0.00014679 
0.00012675 
0.000107588 
8.92579e-05 
7.17189e-05 
5.49308e-05 
3.88562e-05 
2.34594e-05 
8.70688e-06 
-5.43306e-06 
-1.89905e-05 
-3.19939e-05 
-4.44703e-05 
-5.64449e-05 
-6.79421e-05 
-7.89847e-05 
-8.95943e-05 
-9.97916e-05 
-0.000109596 
-0.000119026 
-0.000128098 
-0.000136831 
-0.000145238 
-0.000153336 
-0.000161138 
-0.000168659 
-0.00017591 
-0.000182903 
-0.000189652 
-0.000196165 
-0.000202454 
-0.000208529 
-0.000214399 
-0.000220072 
-0.000225559 
-0.000230866 
-0.000236001 
-0.000240971 
-0.000245785 
-0.000250447 
-0.000254965 
-0.000259345 
-0.000263592 
-0.000267711 
-0.000271709 
-0.00027559 
-0.000279358 
-0.000283019 
-0.000286576 
-0.000290033 
-0.000293395 
-0.000296666 
-0.000299848 
-0.000302945 
-0.000305961 
-0.000308898 
-0.00031176 
-0.00031455 
-0.000317269 
-0.000319921 
-0.000322508 
-0.000325033 
-0.000327498 
-0.000329904 
-0.000332254 
-0.000334551 
-0.000336795 
-0.000338988 
-0.000341133 
-0.000343231 
-0.000345284 
-0.000347292 
-0.000349257 
-0.000351182 
-0.000353067 
-0.000354914 
-0.000356724 
-0.000358498 
-0.000360238 
-0.000361944 
-0.000363617 
-0.000365258 
-0.000366869 
-0.00036845 
-0.000370001 
-0.000371525 
-0.000373021 
-0.000374491 
-0.000375935 
-0.000377353 
-0.000378747 
-0.000380117 
-0.000381464 
-0.000382788 
-0.000384091 
-0.000385371 
-0.000386631 
-0.00038787 
-0.000389089 
-0.000390288 
-0.000391469 
-0.00039263 
-0.000393773 
-0.000394899 
-0.000396007 
-0.000397097 
-0.000398171 
-0.000399228 
-0.000400269 
-0.000401294 
-0.000402303 
-0.000403296 
-0.000404275 
-0.000405238 
-0.000406187 
-0.000407121 
-0.000408041 
-0.000408947 
-0.000409839 
-0.000410717 
-0.000411582 
-0.000412433 
-0.00041327 
-0.000414095 
-0.000414906 
-0.000415705 
-0.000416491 
-0.000417264 
-0.000418025 
-0.000418774 
-0.00041951 
-0.000420234 
-0.000420946 
-0.000421645 
-0.000422333 
-0.00042301 
-0.000423674 
-0.000424327 
-0.000424969 
-0.000425598 
-0.000426216 
-0.000426821 
-0.000427415 
-0.000427998 
-0.000428571 
-0.000429134 
-0.000429686 
-0.000430228 
-0.00043076 
-0.000431281 
-0.000431792 
-0.000432294 
-0.000432784 
-0.000433265 
-0.000433736 
-0.000434197 
-0.000434647 
-0.000435088 
-0.000435519 
-0.00043594 
-0.000436352 
-0.000436754 
-0.000437146 
-0.000437528 
-0.000437902 
-0.000438265 
-0.00043862 
-0.000438965 
-0.000439301 
-0.000439628 
-0.000439945 
-0.000440254 
-0.000440553 
-0.000440844 
-0.000441126 
-0.000441399 
-0.000441664 
-0.000441919 
-0.000442167 
-0.000442405 
-0.000442635 
-0.000442857 
-0.000443071 
-0.000443276 
-0.000443473 
-0.000443661 
-0.000443842 
-0.000444014 
-0.000444179 
-0.000444335 
-0.000444484 
-0.000444625 
-0.000444757 
-0.000444883 
-0.000445 
-0.00044511 
-0.000445212 
-0.000445306 
-0.000445392 
-0.00044547 
-0.000445538 
-0.000445599 
-0.000445653 
-0.000445702 
-0.000445744 
-0.00044578 
-0.00044581 
-0.000445833 
-0.000445849 
-0.000445859 
-0.000445863 
-0.00044586 
-0.000445851 
-0.000445835 
-0.000445812 
-0.000445783 
-0.000445747 
-0.000445705 
-0.000445657 
-0.000445602 
-0.00044554 
-0.000445472 
-0.000445398 
-0.000445317 
-0.00044523 
-0.000445137 
-0.000445037 
-0.000444932 
-0.00044482 
-0.000444701 
-0.000444577 
-0.000444447 
-0.00044431 
-0.000444168 
