0 
-2.37169e-20 
-1.69407e-20 
-1.01644e-20 
-1.01644e-20 
-1.35525e-20 
-1.35525e-20 
-6.77626e-21 
-1.35525e-20 
-1.35525e-20 
-6.77626e-21 
0 
-1.35525e-20 
3.38813e-21 
-3.38813e-21 
-3.38813e-21 
-1.01644e-20 
-2.37169e-20 
3.38813e-21 
3.38813e-21 
3.38813e-21 
-1.69407e-20 
-1.69407e-20 
3.38813e-21 
-6.77626e-21 
-2.03288e-20 
0 
-6.77626e-21 
6.77626e-21 
-6.77626e-21 
-3.38813e-21 
-6.77626e-21 
-1.01644e-20 
3.38813e-21 
-6.77626e-21 
-3.38813e-21 
-6.77626e-21 
0 
0 
3.38813e-21 
-3.38813e-21 
-1.01644e-20 
-3.38813e-21 
-1.35525e-20 
-3.38813e-21 
3.38813e-21 
3.38813e-21 
3.38813e-21 
0 
-1.35525e-20 
0 
-6.77626e-21 
-0.00227348 
-0.00169847 
-0.00139092 
-0.00120543 
-0.00108229 
0.00127907 
0.000770237 
0.000514538 
0.000370925 
0.000282421 
0.000223728 
0.000182537 
0.000152332 
0.000129408 
0.000111523 
9.72509e-05 
8.56475e-05 
7.6063e-05 
6.80382e-05 
6.12399e-05 
5.54215e-05 
5.03963e-05 
4.60212e-05 
4.21848e-05 
3.87989e-05 
3.57933e-05 
3.3111e-05 
3.07059e-05 
2.85398e-05 
2.65812e-05 
2.48038e-05 
2.31856e-05 
2.17078e-05 
2.03542e-05 
1.91106e-05 
1.79652e-05 
1.69076e-05 
1.59289e-05 
1.50213e-05 
1.41779e-05 
1.33927e-05 
1.26605e-05 
1.19765e-05 
1.13365e-05 
1.07369e-05 
1.01744e-05 
9.6459e-06 
9.14879e-06 
8.68064e-06 
8.23929e-06 
7.82274e-06 
7.42922e-06 
7.05709e-06 
6.70487e-06 
6.37119e-06 
6.05483e-06 
5.75465e-06 
5.46959e-06 
5.19869e-06 
4.94109e-06 
4.69595e-06 
4.46252e-06 
4.24011e-06 
4.02807e-06 
3.8258e-06 
3.63275e-06 
3.4484e-06 
3.27226e-06 
3.10389e-06 
2.94287e-06 
2.7888e-06 
2.64133e-06 
2.50011e-06 
2.36483e-06 
2.23517e-06 
2.11086e-06 
1.99164e-06 
1.87725e-06 
1.76747e-06 
1.66207e-06 
1.56084e-06 
1.4636e-06 
1.37015e-06 
1.28033e-06 
1.19396e-06 
1.1109e-06 
1.03099e-06 
9.54107e-07 
8.80107e-07 
8.0887e-07 
7.40277e-07 
6.74217e-07 
6.10583e-07 
5.49274e-07 
4.90195e-07 
4.33254e-07 
3.78366e-07 
3.25447e-07 
2.74419e-07 
2.25208e-07 
1.77742e-07 
1.31955e-07 
8.77796e-08 
4.51561e-08 
4.02518e-09 
-3.56693e-08 
-7.39811e-08 
-1.10961e-07 
-1.46659e-07 
-1.81121e-07 
-2.14392e-07 
-2.46516e-07 
-2.77532e-07 
-3.07481e-07 
-3.364e-07 
-3.64325e-07 
-3.91291e-07 
-4.1733e-07 
-4.42476e-07 
-4.66758e-07 
-4.90205e-07 
-5.12846e-07 
-5.34708e-07 
-5.55816e-07 
-5.76197e-07 
-5.95873e-07 
-6.14867e-07 
-6.33203e-07 
-6.509e-07 
-6.67981e-07 
-6.84464e-07 
-7.00368e-07 
-7.15713e-07 
-7.30515e-07 
-7.44792e-07 
-7.5856e-07 
-7.71834e-07 
-7.84631e-07 
-7.96965e-07 
-8.08849e-07 
-8.20299e-07 
-8.31326e-07 
-8.41944e-07 
-8.52165e-07 
-8.62e-07 
-8.71463e-07 
-8.80563e-07 
-8.89311e-07 
-8.97718e-07 
-9.05793e-07 
-9.13547e-07 
-9.20989e-07 
-9.28128e-07 
-9.34972e-07 
-9.41531e-07 
-9.47812e-07 
-9.53824e-07 
-9.59574e-07 
-9.65069e-07 
-9.70318e-07 
-9.75326e-07 
-9.80101e-07 
-9.84649e-07 
-9.88977e-07 
-9.93091e-07 
-9.96997e-07 
-1.0007e-06 
-1.00421e-06 
-1.00752e-06 
-1.01065e-06 
-1.0136e-06 
-1.01638e-06 
-1.01898e-06 
-1.02142e-06 
-1.02369e-06 
-1.02581e-06 
-1.02778e-06 
-1.02959e-06 
-1.03127e-06 
-1.0328e-06 
-1.0342e-06 
-1.03546e-06 
-1.03659e-06 
-1.0376e-06 
-1.03849e-06 
-1.03925e-06 
-1.03991e-06 
-1.04044e-06 
-1.04087e-06 
-1.0412e-06 
-1.04142e-06 
-1.04154e-06 
-1.04156e-06 
-1.04148e-06 
-1.04132e-06 
-1.04106e-06 
-1.04072e-06 
-1.04029e-06 
-1.03977e-06 
-1.03918e-06 
-1.03851e-06 
-1.03776e-06 
-1.03694e-06 
-1.03605e-06 
-1.03508e-06 
-1.03405e-06 
-1.03295e-06 
-1.03179e-06 
-1.03057e-06 
-1.02928e-06 
-1.02794e-06 
-1.02654e-06 
-1.02508e-06 
-1.02357e-06 
-1.022e-06 
-1.02039e-06 
-1.01872e-06 
-1.01701e-06 
-1.01525e-06 
-1.01344e-06 
-1.01159e-06 
-1.0097e-06 
-1.00776e-06 
-1.00579e-06 
-1.00378e-06 
-1.00173e-06 
-9.99637e-07 
-9.97513e-07 
-9.95354e-07 
-9.93162e-07 
-9.90937e-07 
-9.8868e-07 
-9.86394e-07 
-9.84077e-07 
-9.81732e-07 
-9.7936e-07 
-9.76961e-07 
-9.74535e-07 
-9.72085e-07 
-9.6961e-07 
-9.67113e-07 
-9.64592e-07 
-9.6205e-07 
-9.59486e-07 
-9.56902e-07 
-9.54299e-07 
-9.51677e-07 
-9.49036e-07 
-9.46378e-07 
-9.43703e-07 
-9.41012e-07 
-9.38305e-07 
-9.35583e-07 
-9.32847e-07 
-9.30097e-07 
-9.27334e-07 
-9.24558e-07 
-9.2177e-07 
-9.1897e-07 
-9.16159e-07 
-9.13337e-07 
-9.10506e-07 
-9.07664e-07 
-9.04814e-07 
-9.01955e-07 
-8.99087e-07 
-8.96212e-07 
-8.9333e-07 
-8.9044e-07 
-8.87544e-07 
-8.84642e-07 
-8.81734e-07 
-8.7882e-07 
-8.75902e-07 
-8.72979e-07 
-8.70051e-07 
-8.6712e-07 
-8.64185e-07 
-8.61247e-07 
-8.58305e-07 
-8.55362e-07 
-8.52415e-07 
-8.49467e-07 
-8.46517e-07 
-8.43566e-07 
-8.40613e-07 
-8.37659e-07 
-8.34705e-07 
-8.31751e-07 
-8.28796e-07 
-8.25841e-07 
-8.22887e-07 
-8.19934e-07 
-8.16981e-07 
-8.14029e-07 
-8.11078e-07 
-8.08129e-07 
-8.05182e-07 
-8.02237e-07 
-7.99293e-07 
-7.96352e-07 
-7.93414e-07 
-7.90478e-07 
-7.87545e-07 
-7.84615e-07 
-7.81688e-07 
-7.78764e-07 
-7.75844e-07 
-7.72928e-07 
-7.70015e-07 
-7.67106e-07 
-7.64202e-07 
-7.61302e-07 
-7.58406e-07 
-7.55515e-07 
-7.52628e-07 
-7.49746e-07 
-7.46869e-07 
-7.43997e-07 
-7.4113e-07 
-7.38269e-07 
-7.35413e-07 
-7.32562e-07 
-7.29717e-07 
-7.26878e-07 
-7.24044e-07 
-7.21216e-07 
-7.18395e-07 
-7.15579e-07 
-7.12769e-07 
-7.09966e-07 
-7.07169e-07 
-7.04378e-07 
-7.01594e-07 
-6.98817e-07 
-6.96046e-07 
-6.93282e-07 
-6.90524e-07 
-6.87773e-07 
-6.85029e-07 
-6.82293e-07 
-6.79563e-07 
-6.7684e-07 
-6.74124e-07 
-6.71415e-07 
-6.68714e-07 
-6.66019e-07 
-6.63332e-07 
-6.60653e-07 
-6.5798e-07 
-6.55315e-07 
-6.52658e-07 
-6.50008e-07 
-6.47365e-07 
-6.4473e-07 
-6.42102e-07 
-6.39482e-07 
-6.36869e-07 
-6.34264e-07 
-6.31666e-07 
-6.29076e-07 
-6.26494e-07 
-6.23919e-07 
-6.21351e-07 
-6.18791e-07 
-6.16239e-07 
-6.13694e-07 
-6.11157e-07 
-6.08627e-07 
-6.06105e-07 
-6.0359e-07 
-6.01082e-07 
-5.98582e-07 
-5.96089e-07 
-5.93603e-07 
-5.91125e-07 
-5.88654e-07 
-5.86189e-07 
-5.83732e-07 
-5.81282e-07 
-5.78838e-07 
-5.76401e-07 
-5.73971e-07 
-5.71547e-07 
-5.6913e-07 
-5.66719e-07 
-5.64314e-07 
-5.61915e-07 
-5.59522e-07 
-5.57134e-07 
-5.54752e-07 
-5.52376e-07 
-5.50004e-07 
-5.47637e-07 
-5.45274e-07 
-5.42916e-07 
-5.40562e-07 
-5.38212e-07 
-5.35865e-07 
-5.3352e-07 
-5.31179e-07 
-5.2884e-07 
-5.26503e-07 
-5.24167e-07 
-5.21832e-07 
-5.19497e-07 
-5.17162e-07 
-5.14827e-07 
-5.12489e-07 
-5.1015e-07 
-5.07808e-07 
-5.05463e-07 
-5.03113e-07 
-5.00758e-07 
-4.98396e-07 
-4.96028e-07 
-4.93651e-07 
-4.91264e-07 
-4.88867e-07 
-4.86458e-07 
-4.84036e-07 
-4.81599e-07 
-4.79145e-07 
-4.76673e-07 
-4.74181e-07 
-4.71667e-07 
-4.69129e-07 
-4.66564e-07 
-4.63971e-07 
-4.61347e-07 
-4.58689e-07 
-4.55995e-07 
-4.5326e-07 
-4.50482e-07 
-4.47658e-07 
-4.44783e-07 
-4.41853e-07 
-4.38865e-07 
-4.35814e-07 
-4.32694e-07 
-4.295e-07 
-4.26227e-07 
-4.22869e-07 
-4.1942e-07 
-4.15872e-07 
-4.12218e-07 
-4.08451e-07 
-4.04562e-07 
-4.00542e-07 
-3.96381e-07 
-3.92071e-07 
-3.87598e-07 
-3.82953e-07 
-3.78122e-07 
-3.73092e-07 
-3.67849e-07 
-3.62378e-07 
-3.56663e-07 
-3.50686e-07 
-3.44429e-07 
-3.37871e-07 
-3.30993e-07 
-3.23771e-07 
-3.16181e-07 
-3.08198e-07 
-2.99793e-07 
-2.90937e-07 
-2.816e-07 
-2.71746e-07 
-2.61341e-07 
-2.50346e-07 
-2.3872e-07 
-2.26418e-07 
-2.13394e-07 
-1.99599e-07 
-1.84977e-07 
-1.69473e-07 
-1.53025e-07 
-1.35568e-07 
-1.17031e-07 
-9.73409e-08 
-7.64169e-08 
-5.41742e-08 
-3.05216e-08 
-5.36182e-09 
2.14092e-08 
4.99026e-08 
8.02371e-08 
1.1254e-07 
1.46946e-07 
1.83602e-07 
2.22661e-07 
2.64289e-07 
3.08664e-07 
3.55974e-07 
4.06421e-07 
4.60222e-07 
5.17607e-07 
5.78824e-07 
6.44134e-07 
7.13821e-07 
7.88185e-07 
8.67549e-07 
9.52255e-07 
1.04267e-06 
1.13919e-06 
1.24223e-06 
1.35224e-06 
1.46971e-06 
1.59513e-06 
1.72907e-06 
1.8721e-06 
2.02485e-06 
2.18798e-06 
2.36222e-06 
2.54833e-06 
2.74711e-06 
2.95944e-06 
3.18626e-06 
3.42855e-06 
3.68739e-06 
3.9639e-06 
4.25931e-06 
4.5749e-06 
4.91207e-06 
5.2723e-06 
5.65718e-06 
6.06839e-06 
6.50774e-06 
6.97718e-06 
7.47876e-06 
8.0147e-06 
8.58734e-06 
9.19923e-06 
9.85304e-06 
1.05517e-05 
1.12982e-05 
1.20959e-05 
1.29483e-05 
1.38591e-05 
1.48324e-05 
1.58724e-05 
1.69838e-05 
1.81715e-05 
1.94406e-05 
2.07968e-05 
2.2246e-05 
2.37947e-05 
2.54496e-05 
2.72181e-05 
2.9108e-05 
3.11277e-05 
3.32859e-05 
3.55922e-05 
3.80569e-05 
4.06908e-05 
4.35055e-05 
4.65133e-05 
4.97277e-05 
5.31628e-05 
5.68337e-05 
6.07566e-05 
6.49488e-05 
6.94289e-05 
7.42166e-05 
7.9333e-05 
8.48007e-05 
9.06438e-05 
9.68882e-05 
0.000103561 
0.000110693 
0.000118314 
0.000126458 
0.000135161 
0.000144463 
0.000154402 
0.000165025 
0.000176377 
0.000188508 
0.000201473 
0.000215327 
0.000230133 
0.000245956 
0.000262865 
0.000280936 
0.000300247 
0.000320885 
0.000342939 
0.000366509 
0.000391696 
0.000418613 
0.000447379 
0.00047812 
0.000510972 
0.00054608 
0.000583598 
0.000623693 
0.000666541 
0.000712331 
0.000761266 
0.00081356 
0.000869446 
0.000929168 
0.000992992 
0.0010612 
0.00113409 
0.00121198 
0.00129522 
0.00138418 
0.00147924 
0.00158084 
0.0016894 
0.00180542 
0.00192941 
0.00206191 
0.0022035 
0.00235482 
0.00251652 
0.00268932 
0.00287399 
0.00307133 
0.00328221 
0.00350758 
0.00374841 
0.00400578 
0.00428081 
0.00457472 
0.0048888 
0.00522445 
0.00558314 
0.00596645 
0.00637609 
0.00681386 
0.0072817 
0.00778171 
0.00831612 
0.00888719 
0.00949737 
0.0101493 
0.0108458 
0.01159 
0.012385 
0.0132344 
0.014142 
0.0151116 
0.0161477 
0.0172548 
0.0184375 
0.0197009 
0.0210505 
0.0224922 
0.0240324 
0.0256778 
0.0274353 
0.0293125 
0.0313176 
0.0334595 
0.0357471 
0.03819 
0.0407993 
0.043586 
0.0465616 
0.0497396 
0.0531328 
0.0567563 
0.0606249 
0.0647553 
0.0691646 
0.0738716 
0.078895 
0.0842555 
0.0899746 
0.0960744 
0.102578 
0.109508 
0.116888 
0.124739 
0.133082 
0.141933 
0.151303 
0.161195 
0.171598 
0.182481 
0.193791 
0.205436 
0.217278 
0.229114 
0.240664 
0.251544 
0.261262 
0.269197 
0.274615 
0.276701 
0.274629 
0.267686 
0.255424 
0.237822 
0.215395 
0.189211 
0.160759 
0.131711 
0.103641 
0.0777886 
0.0549355 
0.0353996 
0.0191236 
0.0058024 
-0.00499401 
-0.0137242 
-0.0208152 
-0.026633 
-0.0314738 
-0.035568 
-0.0390897 
-0.0421678 
-0.0448965 
-0.0473441 
-0.0495601 
-0.0515802 
-0.0534309 
-0.0551313 
-0.0566962 
-0.0581368 
-0.0594621 
-0.0606794 
-0.0617949 
-0.062814 
-0.0637415 
-0.0645821 
-0.0653397 
-0.0660186 
-0.0666223 
-0.0671548 
-0.0676196 
-0.0680201 
-0.0683599 
-0.0686422 
-0.0688704 
-0.0690475 
-0.0691767 
-0.069261 
-0.0693032 
-0.0693063 
-0.0692728 
-0.0692054 
-0.0691066 
-0.0689789 
-0.0688245 
-0.0686458 
-0.0684447 
-0.0682234 
-0.0679838 
-0.0677277 
-0.067457 
-0.0671733 
-0.0668782 
-0.0665734 
-0.0662605 
-0.0659408 
-0.0656158 
-0.065287 
-0.0649556 
-0.0646231 
-0.0642908 
-0.0639595 
-0.0636304 
-0.0633048 
-0.0629843 
-0.0626704 
-0.0623645 
-0.0620681 
-0.0617829 
-0.0615104 
-0.0612527 
-0.0610126 
-0.060792 
-0.0605928 
-0.060416 
-0.0602633 
-0.0601369 
-0.0600388 
-0.0599714 
-0.0599367 
-0.0599379 
-0.0599773 
-0.0600566 
-0.0601758 
-0.0603351 
-0.0605348 
-0.0607746 
-0.0610534 
-0.0613695 
-0.0617199 
-0.0621003 
-0.0625053 
-0.0629274 
-0.0633568 
-0.0637816 
-0.064188 
-0.0645594 
-0.0648771 
-0.0651198 
-0.065264 
-0.0652838 
-0.0651516 
-0.0648385 
-0.0643154 
-0.0635542 
-0.0625285 
-0.0612179 
-0.059607 
-0.0576848 
-0.0554511 
-0.0529164 
-0.0501059 
-0.0470555 
-0.04381 
-0.0404218 
-0.0369517 
-0.0334642 
-0.0300234 
-0.0266891 
-0.0235131 
-0.0205366 
-0.01779 
-0.015292 
-0.0130504 
-0.0110624 
-0.00931839 
-0.00780242 
-0.00649546 
-0.00537613 
-0.00442301 
-0.00361506 
-0.0029325 
-0.00235729 
-0.0018734 
-0.00146673 
-0.00112505 
-0.000837921 
-0.00059647 
-0.000393217 
-0.000221891 
-7.72446e-05 
4.50971e-05 
0.000148779 
0.000236832 
0.00031178 
0.000375721 
0.000430405 
0.000477288 
0.000517588 
0.000552323 
0.000582344 
0.000608368 
0.000630994 
0.00065073 
0.000668002 
0.00068317 
0.000696541 
0.000708371 
0.000718882 
0.00072826 
0.000736664 
0.00074423 
0.000751073 
0.000757292 
0.000762973 
0.000768188 
0.000772998 
0.000777458 
0.000781614 
0.000785504 
0.000789163 
0.000792619 
0.000795899 
0.000799023 
0.00080201 
0.000804876 
0.000807635 
0.000810299 
0.000812878 
0.00081538 
0.000817814 
0.000820186 
0.000822501 
0.000824764 
0.00082698 
0.000829151 
0.00083128 
0.000833371 
0.000835424 
0.000837443 
0.000839428 
0.000841381 
0.000843302 
0.000845193 
0.000847053 
0.000848885 
0.000850687 
0.000852461 
0.000854207 
0.000855924 
0.000857613 
0.000859274 
0.000860906 
0.000862511 
0.000864087 
0.000865636 
0.000867155 
0.000868646 
0.000870108 
0.000871541 
0.000872944 
0.000874318 
0.000875661 
0.000876974 
0.000878257 
0.00087951 
0.000880731 
0.000881922 
0.000883082 
0.00088421 
0.000885307 
0.000886373 
0.000887407 
0.000888409 
0.000889379 
0.000890318 
0.000891224 
0.000892097 
0.000892939 
0.000893748 
0.000894524 
0.000895268 
0.00089598 
0.000896658 
0.000897304 
0.000897917 
0.000898497 
0.000899045 
0.000899559 
0.000900041 
0.00090049 
0.000900906 
0.000901289 
0.00090164 
0.000901958 
0.000902243 
0.000902495 
0.000902716 
0.000902904 
0.00090306 
0.000903184 
0.000903277 
0.000903338 
0.000903366 
0.000903362 
0.000903326 
0.000903257 
0.000903156 
0.000903023 
0.000902858 
0.00090266 
0.000902431 
0.00090217 
0.000901878 
0.000901554 
0.000901198 
0.000900812 
0.000900394 
0.000899946 
0.000899467 
0.000898958 
0.000898418 
0.000897849 
0.000897249 
0.00089662 
0.000895962 
0.000895274 
0.000894557 
0.000893812 
0.000893038 
0.000892235 
0.000891405 
0.000890546 
0.00088966 
0.000888747 
0.000887807 
0.00088684 
0.000885846 
0.000884827 
0.000883781 
0.000882711 
0.000881616 
0.000880497 
0.000879355 
0.000878188 
0.000876996 
0.00087578 
0.000874539 
0.000873273 
0.000871984 
0.00087067 
0.000869332 
0.00086797 
0.000866585 
0.000865177 
0.000863746 
0.000862292 
0.000860815 
0.000859317 
0.000857796 
0.000856254 
0.000854691 
0.000853107 
0.000851502 
0.000849876 
0.000848231 
0.000846565 
0.00084488 
0.000843176 
0.000841453 
0.000839711 
0.000837951 
0.000836173 
0.000834378 
0.000832565 
0.000830735 
0.000828888 
0.000827025 
0.000825146 
0.000823252 
0.000821342 
0.000819419 
0.000817481 
0.000815533 
0.000813572 
0.000811598 
0.000809611 
0.00080761 
0.000805596 
0.000803569 
0.000801527 
0.000799473 
0.000797405 
0.000795324 
0.00079323 
0.000791123 
0.000789004 
0.000786873 
0.00078473 
0.000782575 
0.000780408 
0.000778231 
0.000776042 
0.000773843 
0.000771634 
0.000769414 
0.000767185 
0.000764946 
0.000762698 
0.000760441 
0.000758175 
0.0007559 
0.000753618 
0.000751327 
0.000749029 
0.000746724 
0.000744412 
0.000742092 
0.000739767 
0.000737435 
0.000735098 
0.000732755 
0.000730407 
0.000728055 
0.000725698 
0.000723339 
0.000720977 
0.000718616 
0.000716254 
0.00071389 
0.000711524 
0.000709155 
0.000706782 
0.000704406 
0.000702027 
0.000699643 
0.000697257 
0.000694867 
0.000692473 
0.000690076 
0.000687676 
0.000685273 
0.000682867 
0.000680459 
0.000678047 
0.000675634 
0.000673218 
0.000670801 
0.000668382 
0.000665961 
0.000663538 
0.000661115 
0.00065869 
0.000656265 
0.000653839 
0.000651413 
0.000648986 
0.00064656 
0.000644133 
0.000641707 
0.000639282 
0.000636857 
0.000634433 
0.00063201 
0.000629589 
0.000627169 
0.000624751 
0.000622335 
0.000619922 
0.000617511 
0.000615103 
0.000612698 
0.000610297 
0.0006079 
0.000605508 
0.000603124 
0.000600749 
0.000598381 
0.00059602 
0.000593664 
0.000591313 
0.000588966 
0.000586622 
0.000584282 
0.000581945 
0.000579611 
0.00057728 
0.000574953 
0.000572628 
0.000570306 
0.000567987 
0.000565672 
0.000563359 
0.00056105 
0.000558743 
0.000556441 
0.000554141 
0.000551846 
0.000549554 
0.000547265 
0.000544981 
0.0005427 
0.000540424 
0.000538151 
0.000535883 
0.00053362 
0.00053136 
0.000529106 
0.000526856 
0.00052461 
0.00052237 
0.000520135 
0.000517904 
0.000515679 
0.00051346 
0.000511245 
0.000509036 
0.000506833 
0.000504635 
0.000502443 
0.000500257 
0.000498077 
0.000495904 
0.000493736 
0.000491575 
0.000489421 
0.000487274 
0.000485133 
0.000483 
0.000480875 
0.000478757 
0.000476649 
0.00047455 
0.000472462 
0.000470389 
0.000468328 
0.000466278 
0.000464237 
0.000462205 
0.00046018 
0.000458162 
0.000456152 
0.000454147 
0.000452149 
0.000450157 
