0 
-2.37169e-20 
-6.77626e-21 
-1.69407e-20 
-1.01644e-20 
-6.77626e-21 
-1.69407e-20 
0 
-1.35525e-20 
-1.35525e-20 
-1.35525e-20 
-6.77626e-21 
-1.35525e-20 
3.38813e-21 
-3.38813e-21 
-3.38813e-21 
-6.77626e-21 
-2.03288e-20 
3.38813e-21 
-3.38813e-21 
0 
-1.69407e-20 
-2.03288e-20 
6.77626e-21 
-6.77626e-21 
-2.03288e-20 
0 
-6.77626e-21 
1.01644e-20 
-6.77626e-21 
-3.38813e-21 
0 
-1.01644e-20 
-3.38813e-21 
-6.77626e-21 
0 
-3.38813e-21 
-6.77626e-21 
0 
3.38813e-21 
0 
-6.77626e-21 
-3.38813e-21 
-1.35525e-20 
-3.38813e-21 
3.38813e-21 
3.38813e-21 
3.38813e-21 
6.77626e-21 
-1.01644e-20 
-3.38813e-21 
-6.77626e-21 
-0.00408979 
-0.00305557 
-0.00250235 
-0.00216865 
-0.00194712 
0.00230077 
0.00138558 
0.000925626 
0.000667273 
0.000508049 
0.000402455 
0.000328345 
0.000274001 
0.000232755 
0.000200575 
0.000174896 
0.000154017 
0.000136772 
0.000122332 
0.000110099 
9.96286e-05 
9.05857e-05 
8.27124e-05 
7.58081e-05 
6.97143e-05 
6.43044e-05 
5.94762e-05 
5.51464e-05 
5.12463e-05 
4.77192e-05 
4.45175e-05 
4.16012e-05 
3.89366e-05 
3.64947e-05 
3.42508e-05 
3.21838e-05 
3.02751e-05 
2.85088e-05 
2.68708e-05 
2.5349e-05 
2.39326e-05 
2.26119e-05 
2.13786e-05 
2.02252e-05 
1.9145e-05 
1.8132e-05 
1.71808e-05 
1.62866e-05 
1.5445e-05 
1.46523e-05 
1.39048e-05 
1.31997e-05 
1.25337e-05 
1.19041e-05 
1.13082e-05 
1.07437e-05 
1.02085e-05 
9.70053e-06 
9.21813e-06 
8.75962e-06 
8.32351e-06 
7.90842e-06 
7.51306e-06 
7.13627e-06 
6.77694e-06 
6.43407e-06 
6.10673e-06 
5.79404e-06 
5.49519e-06 
5.20942e-06 
4.93604e-06 
4.67439e-06 
4.42385e-06 
4.18384e-06 
3.95384e-06 
3.73334e-06 
3.52186e-06 
3.31897e-06 
3.12424e-06 
2.93728e-06 
2.75773e-06 
2.58523e-06 
2.41947e-06 
2.26012e-06 
2.10691e-06 
1.95955e-06 
1.81778e-06 
1.68136e-06 
1.55005e-06 
1.42364e-06 
1.30191e-06 
1.18467e-06 
1.07172e-06 
9.62896e-07 
8.5802e-07 
7.56933e-07 
6.59481e-07 
5.65519e-07 
4.74908e-07 
3.87516e-07 
3.03217e-07 
2.21891e-07 
1.43424e-07 
6.77072e-08 
-5.36383e-09 
-7.58883e-08 
-1.43961e-07 
-2.09673e-07 
-2.73111e-07 
-3.34357e-07 
-3.9349e-07 
-4.50588e-07 
-5.05721e-07 
-5.58961e-07 
-6.10373e-07 
-6.60021e-07 
-7.07966e-07 
-7.54268e-07 
-7.98982e-07 
-8.42163e-07 
-8.83862e-07 
-9.24129e-07 
-9.63013e-07 
-1.00056e-06 
-1.03681e-06 
-1.07181e-06 
-1.1056e-06 
-1.13822e-06 
-1.1697e-06 
-1.20009e-06 
-1.22942e-06 
-1.25772e-06 
-1.28502e-06 
-1.31136e-06 
-1.33676e-06 
-1.36126e-06 
-1.38488e-06 
-1.40766e-06 
-1.42961e-06 
-1.45075e-06 
-1.47113e-06 
-1.49075e-06 
-1.50965e-06 
-1.52784e-06 
-1.54535e-06 
-1.56218e-06 
-1.57838e-06 
-1.59395e-06 
-1.60891e-06 
-1.62328e-06 
-1.63708e-06 
-1.65032e-06 
-1.66303e-06 
-1.67521e-06 
-1.68688e-06 
-1.69805e-06 
-1.70875e-06 
-1.71898e-06 
-1.72876e-06 
-1.73809e-06 
-1.747e-06 
-1.7555e-06 
-1.76359e-06 
-1.77129e-06 
-1.7786e-06 
-1.78555e-06 
-1.79213e-06 
-1.79837e-06 
-1.80426e-06 
-1.80982e-06 
-1.81506e-06 
-1.81999e-06 
-1.82461e-06 
-1.82894e-06 
-1.83298e-06 
-1.83674e-06 
-1.84023e-06 
-1.84345e-06 
-1.84642e-06 
-1.84913e-06 
-1.85161e-06 
-1.85384e-06 
-1.85585e-06 
-1.85763e-06 
-1.85919e-06 
-1.86054e-06 
-1.86168e-06 
-1.86263e-06 
-1.86338e-06 
-1.86394e-06 
-1.86431e-06 
-1.86451e-06 
-1.86453e-06 
-1.86438e-06 
-1.86406e-06 
-1.86359e-06 
-1.86296e-06 
-1.86217e-06 
-1.86124e-06 
-1.86017e-06 
-1.85895e-06 
-1.8576e-06 
-1.85612e-06 
-1.85451e-06 
-1.85277e-06 
-1.85092e-06 
-1.84894e-06 
-1.84685e-06 
-1.84465e-06 
-1.84234e-06 
-1.83992e-06 
-1.8374e-06 
-1.83479e-06 
-1.83207e-06 
-1.82927e-06 
-1.82637e-06 
-1.82338e-06 
-1.8203e-06 
-1.81715e-06 
-1.81391e-06 
-1.81059e-06 
-1.8072e-06 
-1.80373e-06 
-1.80019e-06 
-1.79658e-06 
-1.79291e-06 
-1.78916e-06 
-1.78536e-06 
-1.78149e-06 
-1.77756e-06 
-1.77357e-06 
-1.76953e-06 
-1.76543e-06 
-1.76129e-06 
-1.75708e-06 
-1.75284e-06 
-1.74854e-06 
-1.74419e-06 
-1.73981e-06 
-1.73537e-06 
-1.7309e-06 
-1.72639e-06 
-1.72183e-06 
-1.71724e-06 
-1.71262e-06 
-1.70796e-06 
-1.70326e-06 
-1.69853e-06 
-1.69377e-06 
-1.68898e-06 
-1.68417e-06 
-1.67932e-06 
-1.67445e-06 
-1.66955e-06 
-1.66462e-06 
-1.65968e-06 
-1.65471e-06 
-1.64972e-06 
-1.64471e-06 
-1.63967e-06 
-1.63462e-06 
-1.62955e-06 
-1.62447e-06 
-1.61937e-06 
-1.61425e-06 
-1.60912e-06 
-1.60397e-06 
-1.59881e-06 
-1.59364e-06 
-1.58845e-06 
-1.58326e-06 
-1.57805e-06 
-1.57284e-06 
-1.56762e-06 
-1.56238e-06 
-1.55715e-06 
-1.5519e-06 
-1.54665e-06 
-1.54139e-06 
-1.53612e-06 
-1.53085e-06 
-1.52558e-06 
-1.52031e-06 
-1.51503e-06 
-1.50974e-06 
-1.50446e-06 
-1.49917e-06 
-1.49389e-06 
-1.4886e-06 
-1.48331e-06 
-1.47802e-06 
-1.47274e-06 
-1.46745e-06 
-1.46217e-06 
-1.45688e-06 
-1.4516e-06 
-1.44633e-06 
-1.44105e-06 
-1.43578e-06 
-1.43051e-06 
-1.42525e-06 
-1.41999e-06 
-1.41474e-06 
-1.40949e-06 
-1.40425e-06 
-1.39901e-06 
-1.39378e-06 
-1.38855e-06 
-1.38333e-06 
-1.37812e-06 
-1.37291e-06 
-1.36772e-06 
-1.36253e-06 
-1.35734e-06 
-1.35217e-06 
-1.347e-06 
-1.34185e-06 
-1.3367e-06 
-1.33156e-06 
-1.32643e-06 
-1.32131e-06 
-1.3162e-06 
-1.3111e-06 
-1.30601e-06 
-1.30093e-06 
-1.29586e-06 
-1.2908e-06 
-1.28575e-06 
-1.28071e-06 
-1.27568e-06 
-1.27066e-06 
-1.26566e-06 
-1.26067e-06 
-1.25568e-06 
-1.25071e-06 
-1.24576e-06 
-1.24081e-06 
-1.23588e-06 
-1.23095e-06 
-1.22604e-06 
-1.22115e-06 
-1.21626e-06 
-1.21139e-06 
-1.20653e-06 
-1.20169e-06 
-1.19685e-06 
-1.19203e-06 
-1.18722e-06 
-1.18243e-06 
-1.17765e-06 
-1.17288e-06 
-1.16813e-06 
-1.16339e-06 
-1.15866e-06 
-1.15394e-06 
-1.14924e-06 
-1.14456e-06 
-1.13988e-06 
-1.13522e-06 
-1.13058e-06 
-1.12595e-06 
-1.12133e-06 
-1.11672e-06 
-1.11213e-06 
-1.10756e-06 
-1.10299e-06 
-1.09844e-06 
-1.09391e-06 
-1.08938e-06 
-1.08487e-06 
-1.08038e-06 
-1.0759e-06 
-1.07143e-06 
-1.06698e-06 
-1.06253e-06 
-1.05811e-06 
-1.05369e-06 
-1.04929e-06 
-1.0449e-06 
-1.04053e-06 
-1.03617e-06 
-1.03182e-06 
-1.02748e-06 
-1.02316e-06 
-1.01884e-06 
-1.01454e-06 
-1.01026e-06 
-1.00598e-06 
-1.00172e-06 
-9.97464e-07 
-9.93223e-07 
-9.88992e-07 
-9.84771e-07 
-9.80561e-07 
-9.76361e-07 
-9.72171e-07 
-9.6799e-07 
-9.63817e-07 
-9.59653e-07 
-9.55497e-07 
-9.51348e-07 
-9.47206e-07 
-9.43071e-07 
-9.38941e-07 
-9.34816e-07 
-9.30696e-07 
-9.26579e-07 
-9.22465e-07 
-9.18353e-07 
-9.14242e-07 
-9.10132e-07 
-9.06021e-07 
-9.01907e-07 
-8.97791e-07 
-8.9367e-07 
-8.89543e-07 
-8.8541e-07 
-8.81267e-07 
-8.77115e-07 
-8.7295e-07 
-8.68772e-07 
-8.64577e-07 
-8.60365e-07 
-8.56133e-07 
-8.51877e-07 
-8.47597e-07 
-8.43289e-07 
-8.38949e-07 
-8.34576e-07 
-8.30165e-07 
-8.25713e-07 
-8.21216e-07 
-8.16671e-07 
-8.12072e-07 
-8.07415e-07 
-8.02695e-07 
-7.97906e-07 
-7.93044e-07 
-7.88102e-07 
-7.83073e-07 
-7.7795e-07 
-7.72726e-07 
-7.67394e-07 
-7.61944e-07 
-7.56367e-07 
-7.50655e-07 
-7.44796e-07 
-7.38779e-07 
-7.32593e-07 
-7.26225e-07 
-7.19662e-07 
-7.12889e-07 
-7.05891e-07 
-6.98651e-07 
-6.91152e-07 
-6.83374e-07 
-6.75299e-07 
-6.66904e-07 
-6.58167e-07 
-6.49063e-07 
-6.39566e-07 
-6.29648e-07 
-6.1928e-07 
-6.08428e-07 
-5.97059e-07 
-5.85138e-07 
-5.72624e-07 
-5.59476e-07 
-5.45649e-07 
-5.31097e-07 
-5.15768e-07 
-4.99608e-07 
-4.82559e-07 
-4.6456e-07 
-4.45543e-07 
-4.25438e-07 
-4.04169e-07 
-3.81656e-07 
-3.57812e-07 
-3.32545e-07 
-3.05756e-07 
-2.7734e-07 
-2.47184e-07 
-2.15167e-07 
-1.81162e-07 
-1.4503e-07 
-1.06624e-07 
-6.5788e-08 
-2.23537e-08 
2.38584e-08 
7.30399e-08 
1.25396e-07 
1.81144e-07 
2.4052e-07 
3.03773e-07 
3.7117e-07 
4.42996e-07 
5.19558e-07 
6.0118e-07 
6.88211e-07 
7.81025e-07 
8.80017e-07 
9.85615e-07 
1.09827e-06 
1.21847e-06 
1.34674e-06 
1.48363e-06 
1.62972e-06 
1.78567e-06 
1.95213e-06 
2.12984e-06 
2.31957e-06 
2.52215e-06 
2.73845e-06 
2.96943e-06 
3.21608e-06 
3.4795e-06 
3.76082e-06 
4.06129e-06 
4.38221e-06 
4.725e-06 
5.09115e-06 
5.48227e-06 
5.90008e-06 
6.3464e-06 
6.82321e-06 
7.33259e-06 
7.87678e-06 
8.45818e-06 
9.07933e-06 
9.74297e-06 
1.0452e-05 
1.12096e-05 
1.20191e-05 
1.28839e-05 
1.3808e-05 
1.47954e-05 
1.58505e-05 
1.69779e-05 
1.81825e-05 
1.94697e-05 
2.08451e-05 
2.23148e-05 
2.38853e-05 
2.55636e-05 
2.73569e-05 
2.92732e-05 
3.1321e-05 
3.35092e-05 
3.58476e-05 
3.83465e-05 
4.10168e-05 
4.38703e-05 
4.69197e-05 
5.01784e-05 
5.36607e-05 
5.7382e-05 
6.13587e-05 
6.56084e-05 
7.01498e-05 
7.5003e-05 
8.01893e-05 
8.57316e-05 
9.16545e-05 
9.7984e-05 
0.000104748 
0.000111976 
0.000119701 
0.000127956 
0.000136778 
0.000146206 
0.00015628 
0.000167047 
0.000178553 
0.000190849 
0.000203989 
0.000218032 
0.000233038 
0.000249076 
0.000266214 
0.000284529 
0.000304102 
0.000325019 
0.000347372 
0.000371261 
0.000396789 
0.00042407 
0.000453225 
0.000484382 
0.000517678 
0.00055326 
0.000591286 
0.000631923 
0.00067535 
0.000721759 
0.000771355 
0.000824356 
0.000880997 
0.000941526 
0.00100621 
0.00107534 
0.00114921 
0.00122816 
0.00131252 
0.00140268 
0.00149903 
0.00160199 
0.00171203 
0.00182961 
0.00195527 
0.00208956 
0.00223306 
0.00238642 
0.0025503 
0.00272544 
0.00291259 
0.0031126 
0.00332633 
0.00355473 
0.00379881 
0.00405965 
0.00433839 
0.00463626 
0.00495459 
0.00529476 
0.00565828 
0.00604677 
0.00646193 
0.00690561 
0.00737977 
0.00788653 
0.00842815 
0.0090069 
0.00962529 
0.010286 
0.0109919 
0.011746 
0.0125517 
0.0134126 
0.0143323 
0.015315 
0.0163651 
0.017487 
0.0186856 
0.0199659 
0.0213336 
0.0227946 
0.0243555 
0.0260229 
0.0278039 
0.0297063 
0.0317382 
0.0339087 
0.0362268 
0.0387024 
0.0413467 
0.0441705 
0.0471859 
0.0504063 
0.0538447 
0.0575164 
0.0614364 
0.0656218 
0.0700895 
0.0748589 
0.0799489 
0.0853801 
0.0911743 
0.0973537 
0.103941 
0.11096 
0.118433 
0.126382 
0.134825 
0.143781 
0.153257 
0.163253 
0.173756 
0.184731 
0.196118 
0.207816 
0.219676 
0.23148 
0.242928 
0.253618 
0.26303 
0.270521 
0.275335 
0.276646 
0.273641 
0.265648 
0.252293 
0.233657 
0.21037 
0.183597 
0.154888 
0.125918 
0.0982089 
0.0729148 
0.0507199 
0.0318573 
0.0162086 
0.00343391 
-0.0069088 
-0.0152753 
-0.022082 
-0.0276809 
-0.0323544 
-0.0363205 
-0.0397435 
-0.0427444 
-0.0454115 
-0.0478088 
-0.0499827 
-0.0519668 
-0.0537858 
-0.0554578 
-0.0569968 
-0.0584135 
-0.0597165 
-0.0609128 
-0.0620085 
-0.0630088 
-0.0639184 
-0.0647419 
-0.0654833 
-0.0661466 
-0.0667357 
-0.0672542 
-0.0677058 
-0.0680938 
-0.0684217 
-0.0686928 
-0.0689104 
-0.0690777 
-0.0691976 
-0.0692732 
-0.0693073 
-0.0693028 
-0.0692623 
-0.0691884 
-0.0690837 
-0.0689504 
-0.068791 
-0.0686076 
-0.0684023 
-0.0681772 
-0.0679341 
-0.067675 
-0.0674016 
-0.0671155 
-0.0668184 
-0.0665119 
-0.0661974 
-0.0658763 
-0.0655501 
-0.0652201 
-0.0648876 
-0.064554 
-0.0642209 
-0.0638898 
-0.0635619 
-0.0632387 
-0.0629209 
-0.0626097 
-0.0623065 
-0.0620132 
-0.0617312 
-0.0614622 
-0.0612081 
-0.0609707 
-0.0607523 
-0.0605558 
-0.0603835 
-0.0602369 
-0.0601173 
-0.0600265 
-0.0599666 
-0.0599398 
-0.059948 
-0.0599932 
-0.0600784 
-0.0602049 
-0.0603733 
-0.0605823 
-0.0608313 
-0.0611189 
-0.061443 
-0.0618004 
-0.0621865 
-0.0625951 
-0.0630185 
-0.0634468 
-0.063868 
-0.0642678 
-0.0646294 
-0.0649334 
-0.0651581 
-0.0652792 
-0.0652704 
-0.0651038 
-0.0647506 
-0.0641815 
-0.0633684 
-0.062288 
-0.0609191 
-0.0592452 
-0.0572587 
-0.0549617 
-0.0523708 
-0.0495118 
-0.0464189 
-0.0431384 
-0.0397263 
-0.036245 
-0.0327598 
-0.0293346 
-0.0260279 
-0.0228897 
-0.0199589 
-0.0172627 
-0.0148168 
-0.0126276 
-0.0106904 
-0.00899422 
-0.00752233 
-0.00625519 
-0.00517127 
-0.00424918 
-0.00346811 
-0.0028086 
-0.00225305 
-0.0017858 
-0.00139315 
-0.00106325 
-0.000785992 
-0.00055279 
-0.000356432 
-0.000190866 
-5.10337e-05 
6.72833e-05 
0.000167596 
0.000252827 
0.000325406 
0.000387356 
0.000440364 
0.000485833 
0.000524939 
0.000558664 
0.000587829 
0.000613125 
0.000635134 
0.000654343 
0.000671166 
0.00068595 
0.000698992 
0.000710542 
0.000720811 
0.000729982 
0.000738207 
0.000745619 
0.00075233 
0.000758435 
0.000764017 
0.000769146 
0.000773883 
0.000778279 
0.000782378 
0.000786219 
0.000789835 
0.000793255 
0.000796501 
0.000799597 
0.000802558 
0.000805402 
0.000808142 
0.000810788 
0.000813351 
0.000815839 
0.000818261 
0.000820621 
0.000822925 
0.000825179 
0.000827385 
0.000829548 
0.000831669 
0.000833753 
0.000835799 
0.000837811 
0.00083979 
0.000841736 
0.000843652 
0.000845536 
0.000847391 
0.000849217 
0.000851014 
0.000852782 
0.000854522 
0.000856234 
0.000857918 
0.000859573 
0.0008612 
0.000862799 
0.00086437 
0.000865913 
0.000867427 
0.000868913 
0.000870369 
0.000871796 
0.000873193 
0.000874561 
0.000875898 
0.000877206 
0.000878483 
0.000879729 
0.000880945 
0.00088213 
0.000883283 
0.000884406 
0.000885497 
0.000886556 
0.000887584 
0.00088858 
0.000889544 
0.000890476 
0.000891375 
0.000892243 
0.000893078 
0.000893881 
0.000894651 
0.000895388 
0.000896093 
0.000896765 
0.000897405 
0.000898011 
0.000898585 
0.000899126 
0.000899634 
0.00090011 
0.000900552 
0.000900962 
0.000901339 
0.000901683 
0.000901994 
0.000902273 
0.000902519 
0.000902733 
0.000902915 
0.000903065 
0.000903183 
0.00090327 
0.000903324 
0.000903346 
0.000903336 
0.000903293 
0.000903218 
0.000903111 
0.000902971 
0.0009028 
0.000902596 
0.000902361 
0.000902093 
0.000901795 
0.000901464 
0.000901103 
0.00090071 
0.000900287 
0.000899832 
0.000899348 
0.000898832 
0.000898287 
0.000897711 
0.000897106 
0.000896471 
0.000895807 
0.000895114 
0.000894391 
0.00089364 
0.00089286 
0.000892052 
0.000891216 
0.000890353 
0.000889461 
0.000888543 
0.000887597 
0.000886625 
0.000885626 
0.000884602 
0.000883551 
0.000882476 
0.000881376 
0.000880253 
0.000879106 
0.000877934 
0.000876738 
0.000875516 
0.000874271 
0.000873 
0.000871706 
0.000870387 
0.000869045 
0.000867678 
0.000866289 
0.000864876 
0.00086344 
0.000861982 
0.000860501 
0.000858998 
0.000857474 
0.000855927 
0.00085436 
0.000852772 
0.000851162 
0.000849533 
0.000847884 
0.000846214 
0.000844526 
0.000842818 
0.000841091 
0.000839346 
0.000837582 
0.000835801 
0.000834002 
0.000832185 
0.000830352 
0.000828502 
0.000826636 
0.000824754 
0.000822857 
0.000820944 
0.000819018 
0.000817078 
0.000815127 
0.000813164 
0.000811188 
0.000809198 
0.000807195 
0.000805178 
0.000803148 
0.000801104 
0.000799047 
0.000796976 
0.000794893 
0.000792796 
0.000790687 
0.000788566 
0.000786432 
0.000784287 
0.000782129 
0.000779961 
0.000777781 
0.000775591 
0.00077339 
0.000771178 
0.000768957 
0.000766725 
0.000764485 
0.000762235 
0.000759976 
0.000757708 
0.000755432 
0.000753148 
0.000750856 
0.000748557 
0.00074625 
0.000743936 
0.000741616 
0.000739289 
0.000736957 
0.000734618 
0.000732274 
0.000729926 
0.000727572 
0.000725215 
0.000722855 
0.000720493 
0.000718132 
0.00071577 
0.000713406 
0.000711039 
0.000708669 
0.000706296 
0.000703919 
0.000701539 
0.000699155 
0.000696768 
0.000694377 
0.000691983 
0.000689586 
0.000687185 
0.000684782 
0.000682375 
0.000679966 
0.000677555 
0.000675141 
0.000672725 
0.000670307 
0.000667887 
0.000665466 
0.000663044 
0.00066062 
0.000658195 
0.00065577 
0.000653344 
0.000650918 
0.000648491 
0.000646065 
0.000643638 
0.000641212 
0.000638787 
0.000636362 
0.000633939 
0.000631516 
0.000629095 
0.000626676 
0.000624259 
0.000621843 
0.00061943 
0.00061702 
0.000614612 
0.000612208 
0.000609808 
0.000607412 
0.000605022 
0.000602639 
0.000600266 
0.0005979 
0.00059554 
0.000593185 
0.000590834 
0.000588488 
0.000586145 
0.000583806 
0.000581469 
0.000579136 
0.000576806 
0.000574479 
0.000572155 
0.000569834 
0.000567516 
0.000565201 
0.000562889 
0.00056058 
0.000558275 
0.000555973 
0.000553674 
0.000551379 
0.000549088 
0.0005468 
0.000544517 
0.000542237 
0.000539961 
0.00053769 
0.000535423 
0.00053316 
0.000530902 
0.000528648 
0.000526399 
0.000524155 
0.000521915 
0.000519681 
0.000517452 
0.000515228 
0.000513009 
0.000510796 
0.000508588 
0.000506386 
0.000504189 
0.000501998 
0.000499814 
0.000497635 
0.000495463 
0.000493297 
0.000491137 
0.000488984 
0.000486838 
0.000484699 
0.000482568 
0.000480444 
0.000478328 
0.000476221 
0.000474124 
0.000472039 
0.000469969 
0.00046791 
0.000465862 
0.000463823 
0.000461792 
0.000459769 
0.000457753 
0.000455743 
0.00045374 
0.000451744 
0.000449753 
0.000447768 
0.000445788 
0.000443815 
0.000441846 
