0 -0 
0.05 -0 
0.1 -0 
0.15 -0 
0.2 -0 
0.25 -0 
0.3 -0 
0.35 -0 
0.4 -0 
0.45 -0 
0.5 -0 
0.55 -0 
0.6 -0 
0.65 -0 
0.7 -0 
0.75 -0 
0.8 -0 
0.85 -0 
0.9 -0 
0.95 -0 
1 -0 
1.05 -0 
1.1 -0 
1.15 -0 
1.2 -0 
1.25 -0 
1.3 -0 
1.35 -0 
1.4 -0 
1.45 -0 
1.5 -0 
1.55 -0 
1.6 -0 
1.65 -0 
1.7 -0 
1.75 -0 
1.8 -0 
1.85 -0 
1.9 -0 
1.95 -0 
2 -0 
2.05 -0 
2.1 -0 
2.15 -0 
2.2 -0 
2.25 -0 
2.3 -0 
2.35 -0 
2.4 -0 
2.45 -0 
2.5 -0 
2.55 -0 
2.6 -0 
2.65 -0 
2.7 -0 
2.75 -0 
2.8 -0 
2.85 -0 
2.9 -0 
2.95 -0 
3 -0 
3.05 -0 
3.1 -0 
3.15 -0 
3.2 -0 
3.25 -0 
3.3 -0 
3.35 -0 
3.4 -0 
3.45 -0 
3.5 -0 
3.55 -0 
3.6 -0 
3.65 -0 
3.7 -0 
3.75 -0 
3.8 -0 
3.85 -0 
3.9 -0 
3.95 -0 
4 -0 
4.05 -0 
4.1 -0 
4.15 -0 
4.2 -0 
4.25 -0 
4.3 -0 
4.35 -0 
4.4 -0 
4.45 -0 
4.5 -0 
4.55 -0 
4.6 -0 
4.65 -0 
4.7 -0 
4.75 -0 
4.8 -0 
4.85 -0 
4.9 -0 
4.95 -0 
5 -1.83 
5.05 -1.83 
5.1 -1.83 
5.15 -1.83 
5.2 0.045 
5.25 0.045 
5.3 0.045 
5.35 0.045 
5.4 0.045 
5.45 0.045 
5.5 0.045 
5.55 0.045 
5.6 0.045 
5.65 0.045 
5.7 0.045 
5.75 0.045 
5.8 0.045 
5.85 0.045 
5.9 0.045 
5.95 0.045 
6 0.045 
6.05 0.045 
6.1 0.045 
6.15 0.045 
6.2 0.045 
6.25 0.045 
6.3 0.045 
6.35 0.045 
6.4 0.045 
6.45 0.045 
6.5 0.045 
6.55 0.045 
6.6 0.045 
6.65 0.045 
6.7 0.045 
6.75 0.045 
6.8 0.045 
6.85 0.045 
6.9 0.045 
6.95 0.045 
7 0.045 
7.05 0.045 
7.1 0.045 
7.15 0.045 
7.2 0.045 
7.25 0.045 
7.3 0.045 
7.35 0.045 
7.4 0.045 
7.45 0.045 
7.5 0.045 
7.55 0.045 
7.6 0.045 
7.65 0.045 
7.7 0.045 
7.75 0.045 
7.8 0.045 
7.85 0.045 
7.9 0.045 
7.95 0.045 
8 0.045 
8.05 0.045 
8.1 0.045 
8.15 0.045 
8.2 0.045 
8.25 0.045 
8.3 0.045 
8.35 0.045 
8.4 0.045 
8.45 0.045 
8.5 0.045 
8.55 0.045 
8.6 0.045 
8.65 0.045 
8.7 0.045 
8.75 0.045 
8.8 0.045 
8.85 0.045 
8.9 0.045 
8.95 0.045 
9 0.045 
9.05 0.045 
9.1 0.045 
9.15 0.045 
9.2 0.045 
9.25 0.045 
9.3 0.045 
9.35 0.045 
9.4 0.045 
9.45 0.045 
9.5 0.045 
9.55 0.045 
9.6 0.045 
9.65 0.045 
9.7 0.045 
9.75 0.045 
9.8 0.045 
9.85 0.045 
9.9 0.045 
9.95 0.045 
10 0.045 
10.05 0.045 
10.1 0.045 
10.15 0.045 
10.2 0.045 
10.25 0.045 
10.3 0.045 
10.35 0.045 
10.4 0.045 
10.45 0.045 
10.5 0.045 
10.55 0.045 
10.6 0.045 
10.65 0.045 
10.7 0.045 
10.75 0.045 
10.8 0.045 
10.85 0.045 
10.9 0.045 
10.95 0.045 
11 0.045 
11.05 0.045 
11.1 0.045 
11.15 0.045 
11.2 0.045 
11.25 0.045 
11.3 0.045 
11.35 0.045 
11.4 0.045 
11.45 0.045 
11.5 0.045 
11.55 0.045 
11.6 0.045 
11.65 0.045 
11.7 0.045 
11.75 0.045 
11.8 0.045 
11.85 0.045 
11.9 0.045 
11.95 0.045 
12 0.045 
12.05 0.045 
12.1 0.045 
12.15 0.045 
12.2 0.045 
12.25 0.045 
12.3 0.045 
12.35 0.045 
12.4 0.045 
12.45 0.045 
12.5 0.045 
12.55 0.045 
12.6 0.045 
12.65 0.045 
12.7 0.045 
12.75 0.045 
12.8 0.045 
12.85 0.045 
12.9 0.045 
12.95 0.045 
13 0.045 
13.05 0.045 
13.1 0.045 
13.15 0.045 
13.2 0.045 
13.25 0.045 
13.3 0.045 
13.35 -1.83 
13.4 -1.83 
13.45 -1.83 
13.5 -1.83 
13.55 0.045 
13.6 0.045 
13.65 0.045 
13.7 0.045 
13.75 0.045 
13.8 0.045 
13.85 0.045 
13.9 0.045 
13.95 0.045 
14 0.045 
14.05 0.045 
14.1 0.045 
14.15 0.045 
14.2 0.045 
14.25 0.045 
14.3 0.045 
14.35 0.045 
14.4 0.045 
14.45 0.045 
14.5 0.045 
14.55 0.045 
14.6 0.045 
14.65 0.045 
14.7 0.045 
14.75 0.045 
14.8 0.045 
14.85 0.045 
14.9 0.045 
14.95 0.045 
15 0.045 
15.05 0.045 
15.1 0.045 
15.15 0.045 
15.2 0.045 
15.25 0.045 
15.3 0.045 
15.35 0.045 
15.4 0.045 
15.45 0.045 
15.5 0.045 
15.55 0.045 
15.6 0.045 
15.65 0.045 
15.7 0.045 
15.75 0.045 
15.8 0.045 
15.85 0.045 
15.9 0.045 
15.95 0.045 
16 0.045 
16.05 0.045 
16.1 0.045 
16.15 0.045 
16.2 0.045 
16.25 0.045 
16.3 0.045 
16.35 0.045 
16.4 0.045 
16.45 0.045 
16.5 0.045 
16.55 0.045 
16.6 0.045 
16.65 0.045 
16.7 0.045 
16.75 0.045 
16.8 0.045 
16.85 0.045 
16.9 0.045 
16.95 0.045 
17 0.045 
17.05 0.045 
17.1 0.045 
17.15 0.045 
17.2 0.045 
17.25 0.045 
17.3 0.045 
17.35 0.045 
17.4 0.045 
17.45 0.045 
17.5 0.045 
17.55 0.045 
17.6 0.045 
17.65 0.045 
17.7 0.045 
17.75 0.045 
17.8 0.045 
17.85 0.045 
17.9 0.045 
17.95 0.045 
18 0.045 
18.05 0.045 
18.1 0.045 
18.15 0.045 
18.2 0.045 
18.25 0.045 
18.3 0.045 
18.35 0.045 
18.4 0.045 
18.45 0.045 
18.5 0.045 
18.55 0.045 
18.6 0.045 
18.65 0.045 
18.7 0.045 
18.75 0.045 
18.8 0.045 
18.85 0.045 
18.9 0.045 
18.95 0.045 
19 0.045 
19.05 0.045 
19.1 0.045 
19.15 0.045 
19.2 0.045 
19.25 0.045 
19.3 0.045 
19.35 0.045 
19.4 0.045 
19.45 0.045 
19.5 0.045 
19.55 0.045 
19.6 0.045 
19.65 0.045 
19.7 0.045 
19.75 0.045 
19.8 0.045 
19.85 0.045 
19.9 0.045 
19.95 0.045 
20 0.045 
20.05 0.045 
20.1 0.045 
20.15 0.045 
20.2 0.045 
20.25 0.045 
20.3 0.045 
20.35 0.045 
20.4 0.045 
20.45 0.045 
20.5 0.045 
20.55 0.045 
20.6 0.045 
20.65 0.045 
20.7 0.045 
20.75 0.045 
20.8 0.045 
20.85 0.045 
20.9 0.045 
20.95 0.045 
21 0.045 
21.05 0.045 
21.1 0.045 
21.15 0.045 
21.2 0.045 
21.25 0.045 
21.3 0.045 
21.35 0.045 
21.4 0.045 
21.45 0.045 
21.5 0.045 
21.55 0.045 
21.6 0.045 
21.65 0.045 
21.7 -1.83 
21.75 -1.83 
21.8 -1.83 
21.85 -1.83 
21.9 0.045 
21.95 0.045 
22 0.045 
22.05 0.045 
22.1 0.045 
22.15 0.045 
22.2 0.045 
22.25 0.045 
22.3 0.045 
22.35 0.045 
22.4 0.045 
22.45 0.045 
22.5 0.045 
22.55 0.045 
22.6 0.045 
22.65 0.045 
22.7 0.045 
22.75 0.045 
22.8 0.045 
22.85 0.045 
22.9 0.045 
22.95 0.045 
23 0.045 
23.05 0.045 
23.1 0.045 
23.15 0.045 
23.2 0.045 
23.25 0.045 
23.3 0.045 
23.35 0.045 
23.4 0.045 
23.45 0.045 
23.5 0.045 
23.55 0.045 
23.6 0.045 
23.65 0.045 
23.7 0.045 
23.75 0.045 
23.8 0.045 
23.85 0.045 
23.9 0.045 
23.95 0.045 
24 0.045 
24.05 0.045 
24.1 0.045 
24.15 0.045 
24.2 0.045 
24.25 0.045 
24.3 0.045 
24.35 0.045 
24.4 0.045 
24.45 0.045 
24.5 0.045 
24.55 0.045 
24.6 0.045 
24.65 0.045 
24.7 0.045 
24.75 0.045 
24.8 0.045 
24.85 0.045 
24.9 0.045 
24.95 0.045 
25 0.045 
25.05 0.045 
25.1 0.045 
25.15 0.045 
25.2 0.045 
25.25 0.045 
25.3 0.045 
25.35 0.045 
25.4 0.045 
25.45 0.045 
25.5 0.045 
25.55 0.045 
25.6 0.045 
25.65 0.045 
25.7 0.045 
25.75 0.045 
25.8 0.045 
25.85 0.045 
25.9 0.045 
25.95 0.045 
26 0.045 
26.05 0.045 
26.1 0.045 
26.15 0.045 
26.2 0.045 
26.25 0.045 
26.3 0.045 
26.35 0.045 
26.4 0.045 
26.45 0.045 
26.5 0.045 
26.55 0.045 
26.6 0.045 
26.65 0.045 
26.7 0.045 
26.75 0.045 
26.8 0.045 
26.85 0.045 
26.9 0.045 
26.95 0.045 
27 0.045 
27.05 0.045 
27.1 0.045 
27.15 0.045 
27.2 0.045 
27.25 0.045 
27.3 0.045 
27.35 0.045 
27.4 0.045 
27.45 0.045 
27.5 0.045 
27.55 0.045 
27.6 0.045 
27.65 0.045 
27.7 0.045 
27.75 0.045 
27.8 0.045 
27.85 0.045 
27.9 0.045 
27.95 0.045 
28 0.045 
28.05 0.045 
28.1 0.045 
28.15 0.045 
28.2 0.045 
28.25 0.045 
28.3 0.045 
28.35 0.045 
28.4 0.045 
28.45 0.045 
28.5 0.045 
28.55 0.045 
28.6 0.045 
28.65 0.045 
28.7 0.045 
28.75 0.045 
28.8 0.045 
28.85 0.045 
28.9 0.045 
28.95 0.045 
29 0.045 
29.05 0.045 
29.1 0.045 
29.15 0.045 
29.2 0.045 
29.25 0.045 
29.3 0.045 
29.35 0.045 
29.4 0.045 
29.45 0.045 
29.5 0.045 
29.55 0.045 
29.6 0.045 
29.65 0.045 
29.7 0.045 
29.75 0.045 
29.8 0.045 
29.85 0.045 
29.9 0.045 
29.95 -1.83 
30 -1.83 
30.05 -1.83 
30.1 -1.83 
30.15 0.045 
30.2 0.045 
30.25 0.045 
30.3 0.045 
30.35 0.045 
30.4 0.045 
30.45 0.045 
30.5 0.045 
30.55 0.045 
30.6 0.045 
30.65 0.045 
30.7 0.045 
30.75 0.045 
30.8 0.045 
30.85 0.045 
30.9 0.045 
30.95 0.045 
31 0.045 
31.05 0.045 
31.1 0.045 
31.15 0.045 
31.2 0.045 
31.25 0.045 
31.3 0.045 
31.35 0.045 
31.4 0.045 
31.45 0.045 
31.5 0.045 
31.55 0.045 
31.6 0.045 
31.65 0.045 
31.7 0.045 
31.75 0.045 
31.8 0.045 
31.85 0.045 
31.9 0.045 
31.95 0.045 
32 0.045 
32.05 0.045 
32.1 0.045 
32.15 0.045 
32.2 0.045 
32.25 0.045 
32.3 0.045 
32.35 0.045 
32.4 0.045 
32.45 0.045 
32.5 0.045 
32.55 0.045 
32.6 0.045 
32.65 0.045 
32.7 0.045 
32.75 0.045 
32.8 0.045 
32.85 0.045 
32.9 0.045 
32.95 0.045 
33 0.045 
33.05 0.045 
33.1 0.045 
33.15 0.045 
33.2 0.045 
33.25 0.045 
33.3 0.045 
33.35 0.045 
33.4 0.045 
33.45 0.045 
33.5 0.045 
33.55 0.045 
33.6 0.045 
33.65 0.045 
33.7 0.045 
33.75 0.045 
33.8 0.045 
33.85 0.045 
33.9 0.045 
33.95 0.045 
34 0.045 
34.05 0.045 
34.1 0.045 
34.15 0.045 
34.2 0.045 
34.25 0.045 
34.3 0.045 
34.35 0.045 
34.4 0.045 
34.45 0.045 
34.5 0.045 
34.55 0.045 
34.6 0.045 
34.65 0.045 
34.7 0.045 
34.75 0.045 
34.8 0.045 
34.85 0.045 
34.9 0.045 
34.95 0.045 
35 0.045 
35.05 0.045 
35.1 0.045 
35.15 0.045 
35.2 0.045 
35.25 0.045 
35.3 0.045 
35.35 0.045 
35.4 0.045 
35.45 0.045 
35.5 0.045 
35.55 0.045 
35.6 0.045 
35.65 0.045 
35.7 0.045 
35.75 0.045 
35.8 0.045 
35.85 0.045 
35.9 0.045 
35.95 0.045 
36 0.045 
36.05 0.045 
36.1 0.045 
36.15 0.045 
36.2 0.045 
36.25 0.045 
36.3 0.045 
36.35 0.045 
36.4 0.045 
36.45 0.045 
36.5 0.045 
36.55 0.045 
36.6 0.045 
36.65 0.045 
36.7 0.045 
36.75 0.045 
36.8 0.045 
36.85 0.045 
36.9 0.045 
36.95 0.045 
37 0.045 
37.05 0.045 
37.1 0.045 
37.15 0.045 
37.2 0.045 
37.25 0.045 
37.3 0.045 
37.35 0.045 
37.4 0.045 
37.45 0.045 
37.5 0.045 
37.55 0.045 
37.6 0.045 
37.65 0.045 
37.7 0.045 
37.75 0.045 
37.8 0.045 
37.85 0.045 
37.9 0.045 
37.95 0.045 
38 0.045 
38.05 0.045 
38.1 0.045 
38.15 0.045 
38.2 0.045 
38.25 0.045 
38.3 -1.83 
38.35 -1.83 
38.4 -1.83 
38.45 -1.83 
38.5 0.045 
38.55 0.045 
38.6 0.045 
38.65 0.045 
38.7 0.045 
38.75 0.045 
38.8 0.045 
38.85 0.045 
38.9 0.045 
38.95 0.045 
39 0.045 
39.05 0.045 
39.1 0.045 
39.15 0.045 
39.2 0.045 
39.25 0.045 
39.3 0.045 
39.35 0.045 
39.4 0.045 
39.45 0.045 
39.5 0.045 
39.55 0.045 
39.6 0.045 
39.65 0.045 
39.7 0.045 
39.75 0.045 
39.8 0.045 
39.85 0.045 
39.9 0.045 
39.95 0.045 
40 0.045 
40.05 0.045 
40.1 0.045 
40.15 0.045 
40.2 0.045 
40.25 0.045 
40.3 0.045 
40.35 0.045 
40.4 0.045 
40.45 0.045 
40.5 0.045 
40.55 0.045 
40.6 0.045 
40.65 0.045 
40.7 0.045 
40.75 0.045 
40.8 0.045 
40.85 0.045 
40.9 0.045 
40.95 0.045 
41 0.045 
41.05 0.045 
41.1 0.045 
41.15 0.045 
41.2 0.045 
41.25 0.045 
41.3 0.045 
41.35 0.045 
41.4 0.045 
41.45 0.045 
41.5 0.045 
41.55 0.045 
41.6 0.045 
41.65 0.045 
41.7 0.045 
41.75 0.045 
41.8 0.045 
41.85 0.045 
41.9 0.045 
41.95 0.045 
42 0.045 
42.05 0.045 
42.1 0.045 
42.15 0.045 
42.2 0.045 
42.25 0.045 
42.3 0.045 
42.35 0.045 
42.4 0.045 
42.45 0.045 
42.5 0.045 
42.55 0.045 
42.6 0.045 
42.65 0.045 
42.7 0.045 
42.75 0.045 
42.8 0.045 
42.85 0.045 
42.9 0.045 
42.95 0.045 
43 0.045 
43.05 0.045 
43.1 0.045 
43.15 0.045 
43.2 0.045 
43.25 0.045 
43.3 0.045 
43.35 0.045 
43.4 0.045 
43.45 0.045 
43.5 0.045 
43.55 0.045 
43.6 0.045 
43.65 0.045 
43.7 0.045 
43.75 0.045 
43.8 0.045 
43.85 0.045 
43.9 0.045 
43.95 0.045 
44 0.045 
44.05 0.045 
44.1 0.045 
44.15 0.045 
44.2 0.045 
44.25 0.045 
44.3 0.045 
44.35 0.045 
44.4 0.045 
44.45 0.045 
44.5 0.045 
44.55 0.045 
44.6 0.045 
44.65 0.045 
44.7 0.045 
44.75 0.045 
44.8 0.045 
44.85 0.045 
44.9 0.045 
44.95 0.045 
45 0.045 
45.05 0.045 
45.1 0.045 
45.15 0.045 
45.2 0.045 
45.25 0.045 
45.3 0.045 
45.35 0.045 
45.4 0.045 
45.45 0.045 
45.5 0.045 
45.55 0.045 
45.6 0.045 
45.65 0.045 
45.7 0.045 
45.75 0.045 
45.8 0.045 
45.85 0.045 
45.9 0.045 
45.95 0.045 
46 0.045 
46.05 0.045 
46.1 0.045 
46.15 0.045 
46.2 0.045 
46.25 0.045 
46.3 0.045 
46.35 0.045 
46.4 0.045 
46.45 0.045 
46.5 0.045 
46.55 0.045 
46.6 0.045 
46.65 -1.83 
46.7 -1.83 
46.75 -1.83 
46.8 -1.83 
46.85 0.045 
46.9 0.045 
46.95 0.045 
47 0.045 
47.05 0.045 
47.1 0.045 
47.15 0.045 
47.2 0.045 
47.25 0.045 
47.3 0.045 
47.35 0.045 
47.4 0.045 
47.45 0.045 
47.5 0.045 
47.55 0.045 
47.6 0.045 
47.65 0.045 
47.7 0.045 
47.75 0.045 
47.8 0.045 
47.85 0.045 
47.9 0.045 
47.95 0.045 
48 0.045 
48.05 0.045 
48.1 0.045 
48.15 0.045 
48.2 0.045 
48.25 0.045 
48.3 0.045 
48.35 0.045 
48.4 0.045 
48.45 0.045 
48.5 0.045 
48.55 0.045 
48.6 0.045 
48.65 0.045 
48.7 0.045 
48.75 0.045 
48.8 0.045 
48.85 0.045 
48.9 0.045 
48.95 0.045 
49 0.045 
49.05 0.045 
49.1 0.045 
49.15 0.045 
49.2 0.045 
49.25 0.045 
49.3 0.045 
49.35 0.045 
49.4 0.045 
49.45 0.045 
49.5 0.045 
49.55 0.045 
49.6 0.045 
49.65 0.045 
49.7 0.045 
49.75 0.045 
49.8 0.045 
49.85 0.045 
49.9 0.045 
49.95 0 
50 0 
