0 -0 
0.05 -0 
0.1 -0 
0.15 -0 
0.2 -0 
0.25 -0 
0.3 -0 
0.35 -0 
0.4 -0 
0.45 -0 
0.5 -0 
0.55 -0 
0.6 -0 
0.65 -0 
0.7 -0 
0.75 -0 
0.8 -0 
0.85 -0 
0.9 -0 
0.95 -0 
1 -0 
1.05 -0 
1.1 -0 
1.15 -0 
1.2 -0 
1.25 -0 
1.3 -0 
1.35 -0 
1.4 -0 
1.45 -0 
1.5 -0 
1.55 -0 
1.6 -0 
1.65 -0 
1.7 -0 
1.75 -0 
1.8 -0 
1.85 -0 
1.9 -0 
1.95 -0 
2 -0 
2.05 -0 
2.1 -0 
2.15 -0 
2.2 -0 
2.25 -0 
2.3 -0 
2.35 -0 
2.4 -0 
2.45 -0 
2.5 -0 
2.55 -0 
2.6 -0 
2.65 -0 
2.7 -0 
2.75 -0 
2.8 -0 
2.85 -0 
2.9 -0 
2.95 -0 
3 -0 
3.05 -0 
3.1 -0 
3.15 -0 
3.2 -0 
3.25 -0 
3.3 -0 
3.35 -0 
3.4 -0 
3.45 -0 
3.5 -0 
3.55 -0 
3.6 -0 
3.65 -0 
3.7 -0 
3.75 -0 
3.8 -0 
3.85 -0 
3.9 -0 
3.95 -0 
4 -0 
4.05 -0 
4.1 -0 
4.15 -0 
4.2 -0 
4.25 -0 
4.3 -0 
4.35 -0 
4.4 -0 
4.45 -0 
4.5 -0 
4.55 -0 
4.6 -0 
4.65 -0 
4.7 -0 
4.75 -0 
4.8 -0 
4.85 -0 
4.9 -0 
4.95 -0 
5 -2.33039 
5.05 -2.33039 
5.1 -2.33039 
5.15 -2.33039 
5.2 0.0573047 
5.25 0.0573047 
5.3 0.0573047 
5.35 0.0573047 
5.4 0.0573047 
5.45 0.0573047 
5.5 0.0573047 
5.55 0.0573047 
5.6 0.0573047 
5.65 0.0573047 
5.7 0.0573047 
5.75 0.0573047 
5.8 0.0573047 
5.85 0.0573047 
5.9 0.0573047 
5.95 0.0573047 
6 0.0573047 
6.05 0.0573047 
6.1 0.0573047 
6.15 0.0573047 
6.2 0.0573047 
6.25 0.0573047 
6.3 0.0573047 
6.35 0.0573047 
6.4 0.0573047 
6.45 0.0573047 
6.5 0.0573047 
6.55 0.0573047 
6.6 0.0573047 
6.65 0.0573047 
6.7 0.0573047 
6.75 0.0573047 
6.8 0.0573047 
6.85 0.0573047 
6.9 0.0573047 
6.95 0.0573047 
7 0.0573047 
7.05 0.0573047 
7.1 0.0573047 
7.15 0.0573047 
7.2 0.0573047 
7.25 0.0573047 
7.3 0.0573047 
7.35 0.0573047 
7.4 0.0573047 
7.45 0.0573047 
7.5 0.0573047 
7.55 0.0573047 
7.6 0.0573047 
7.65 0.0573047 
7.7 0.0573047 
7.75 0.0573047 
7.8 0.0573047 
7.85 0.0573047 
7.9 0.0573047 
7.95 0.0573047 
8 0.0573047 
8.05 0.0573047 
8.1 0.0573047 
8.15 0.0573047 
8.2 0.0573047 
8.25 0.0573047 
8.3 0.0573047 
8.35 0.0573047 
8.4 0.0573047 
8.45 0.0573047 
8.5 0.0573047 
8.55 0.0573047 
8.6 0.0573047 
8.65 0.0573047 
8.7 0.0573047 
8.75 0.0573047 
8.8 0.0573047 
8.85 0.0573047 
8.9 0.0573047 
8.95 0.0573047 
9 0.0573047 
9.05 0.0573047 
9.1 0.0573047 
9.15 0.0573047 
9.2 0.0573047 
9.25 0.0573047 
9.3 0.0573047 
9.35 0.0573047 
9.4 0.0573047 
9.45 0.0573047 
9.5 0.0573047 
9.55 0.0573047 
9.6 0.0573047 
9.65 0.0573047 
9.7 0.0573047 
9.75 0.0573047 
9.8 0.0573047 
9.85 0.0573047 
9.9 0.0573047 
9.95 0.0573047 
10 0.0573047 
10.05 0.0573047 
10.1 0.0573047 
10.15 0.0573047 
10.2 0.0573047 
10.25 0.0573047 
10.3 0.0573047 
10.35 0.0573047 
10.4 0.0573047 
10.45 0.0573047 
10.5 0.0573047 
10.55 0.0573047 
10.6 0.0573047 
10.65 0.0573047 
10.7 0.0573047 
10.75 0.0573047 
10.8 0.0573047 
10.85 0.0573047 
10.9 0.0573047 
10.95 0.0573047 
11 0.0573047 
11.05 0.0573047 
11.1 0.0573047 
11.15 0.0573047 
11.2 0.0573047 
11.25 0.0573047 
11.3 0.0573047 
11.35 0.0573047 
11.4 0.0573047 
11.45 0.0573047 
11.5 0.0573047 
11.55 0.0573047 
11.6 0.0573047 
11.65 0.0573047 
11.7 0.0573047 
11.75 0.0573047 
11.8 0.0573047 
11.85 0.0573047 
11.9 0.0573047 
11.95 0.0573047 
12 0.0573047 
12.05 0.0573047 
12.1 0.0573047 
12.15 0.0573047 
12.2 0.0573047 
12.25 0.0573047 
12.3 0.0573047 
12.35 0.0573047 
12.4 0.0573047 
12.45 0.0573047 
12.5 0.0573047 
12.55 0.0573047 
12.6 0.0573047 
12.65 0.0573047 
12.7 0.0573047 
12.75 0.0573047 
12.8 0.0573047 
12.85 0.0573047 
12.9 0.0573047 
12.95 0.0573047 
13 0.0573047 
13.05 0.0573047 
13.1 0.0573047 
13.15 0.0573047 
13.2 0.0573047 
13.25 0.0573047 
13.3 0.0573047 
13.35 -2.33039 
13.4 -2.33039 
13.45 -2.33039 
13.5 -2.33039 
13.55 0.0573047 
13.6 0.0573047 
13.65 0.0573047 
13.7 0.0573047 
13.75 0.0573047 
13.8 0.0573047 
13.85 0.0573047 
13.9 0.0573047 
13.95 0.0573047 
14 0.0573047 
14.05 0.0573047 
14.1 0.0573047 
14.15 0.0573047 
14.2 0.0573047 
14.25 0.0573047 
14.3 0.0573047 
14.35 0.0573047 
14.4 0.0573047 
14.45 0.0573047 
14.5 0.0573047 
14.55 0.0573047 
14.6 0.0573047 
14.65 0.0573047 
14.7 0.0573047 
14.75 0.0573047 
14.8 0.0573047 
14.85 0.0573047 
14.9 0.0573047 
14.95 0.0573047 
15 0.0573047 
15.05 0.0573047 
15.1 0.0573047 
15.15 0.0573047 
15.2 0.0573047 
15.25 0.0573047 
15.3 0.0573047 
15.35 0.0573047 
15.4 0.0573047 
15.45 0.0573047 
15.5 0.0573047 
15.55 0.0573047 
15.6 0.0573047 
15.65 0.0573047 
15.7 0.0573047 
15.75 0.0573047 
15.8 0.0573047 
15.85 0.0573047 
15.9 0.0573047 
15.95 0.0573047 
16 0.0573047 
16.05 0.0573047 
16.1 0.0573047 
16.15 0.0573047 
16.2 0.0573047 
16.25 0.0573047 
16.3 0.0573047 
16.35 0.0573047 
16.4 0.0573047 
16.45 0.0573047 
16.5 0.0573047 
16.55 0.0573047 
16.6 0.0573047 
16.65 0.0573047 
16.7 0.0573047 
16.75 0.0573047 
16.8 0.0573047 
16.85 0.0573047 
16.9 0.0573047 
16.95 0.0573047 
17 0.0573047 
17.05 0.0573047 
17.1 0.0573047 
17.15 0.0573047 
17.2 0.0573047 
17.25 0.0573047 
17.3 0.0573047 
17.35 0.0573047 
17.4 0.0573047 
17.45 0.0573047 
17.5 0.0573047 
17.55 0.0573047 
17.6 0.0573047 
17.65 0.0573047 
17.7 0.0573047 
17.75 0.0573047 
17.8 0.0573047 
17.85 0.0573047 
17.9 0.0573047 
17.95 0.0573047 
18 0.0573047 
18.05 0.0573047 
18.1 0.0573047 
18.15 0.0573047 
18.2 0.0573047 
18.25 0.0573047 
18.3 0.0573047 
18.35 0.0573047 
18.4 0.0573047 
18.45 0.0573047 
18.5 0.0573047 
18.55 0.0573047 
18.6 0.0573047 
18.65 0.0573047 
18.7 0.0573047 
18.75 0.0573047 
18.8 0.0573047 
18.85 0.0573047 
18.9 0.0573047 
18.95 0.0573047 
19 0.0573047 
19.05 0.0573047 
19.1 0.0573047 
19.15 0.0573047 
19.2 0.0573047 
19.25 0.0573047 
19.3 0.0573047 
19.35 0.0573047 
19.4 0.0573047 
19.45 0.0573047 
19.5 0.0573047 
19.55 0.0573047 
19.6 0.0573047 
19.65 0.0573047 
19.7 0.0573047 
19.75 0.0573047 
19.8 0.0573047 
19.85 0.0573047 
19.9 0.0573047 
19.95 0.0573047 
20 0.0573047 
20.05 0.0573047 
20.1 0.0573047 
20.15 0.0573047 
20.2 0.0573047 
20.25 0.0573047 
20.3 0.0573047 
20.35 0.0573047 
20.4 0.0573047 
20.45 0.0573047 
20.5 0.0573047 
20.55 0.0573047 
20.6 0.0573047 
20.65 0.0573047 
20.7 0.0573047 
20.75 0.0573047 
20.8 0.0573047 
20.85 0.0573047 
20.9 0.0573047 
20.95 0.0573047 
21 0.0573047 
21.05 0.0573047 
21.1 0.0573047 
21.15 0.0573047 
21.2 0.0573047 
21.25 0.0573047 
21.3 0.0573047 
21.35 0.0573047 
21.4 0.0573047 
21.45 0.0573047 
21.5 0.0573047 
21.55 0.0573047 
21.6 0.0573047 
21.65 0.0573047 
21.7 -2.33039 
21.75 -2.33039 
21.8 -2.33039 
21.85 -2.33039 
21.9 0.0573047 
21.95 0.0573047 
22 0.0573047 
22.05 0.0573047 
22.1 0.0573047 
22.15 0.0573047 
22.2 0.0573047 
22.25 0.0573047 
22.3 0.0573047 
22.35 0.0573047 
22.4 0.0573047 
22.45 0.0573047 
22.5 0.0573047 
22.55 0.0573047 
22.6 0.0573047 
22.65 0.0573047 
22.7 0.0573047 
22.75 0.0573047 
22.8 0.0573047 
22.85 0.0573047 
22.9 0.0573047 
22.95 0.0573047 
23 0.0573047 
23.05 0.0573047 
23.1 0.0573047 
23.15 0.0573047 
23.2 0.0573047 
23.25 0.0573047 
23.3 0.0573047 
23.35 0.0573047 
23.4 0.0573047 
23.45 0.0573047 
23.5 0.0573047 
23.55 0.0573047 
23.6 0.0573047 
23.65 0.0573047 
23.7 0.0573047 
23.75 0.0573047 
23.8 0.0573047 
23.85 0.0573047 
23.9 0.0573047 
23.95 0.0573047 
24 0.0573047 
24.05 0.0573047 
24.1 0.0573047 
24.15 0.0573047 
24.2 0.0573047 
24.25 0.0573047 
24.3 0.0573047 
24.35 0.0573047 
24.4 0.0573047 
24.45 0.0573047 
24.5 0.0573047 
24.55 0.0573047 
24.6 0.0573047 
24.65 0.0573047 
24.7 0.0573047 
24.75 0.0573047 
24.8 0.0573047 
24.85 0.0573047 
24.9 0.0573047 
24.95 0.0573047 
25 0.0573047 
25.05 0.0573047 
25.1 0.0573047 
25.15 0.0573047 
25.2 0.0573047 
25.25 0.0573047 
25.3 0.0573047 
25.35 0.0573047 
25.4 0.0573047 
25.45 0.0573047 
25.5 0.0573047 
25.55 0.0573047 
25.6 0.0573047 
25.65 0.0573047 
25.7 0.0573047 
25.75 0.0573047 
25.8 0.0573047 
25.85 0.0573047 
25.9 0.0573047 
25.95 0.0573047 
26 0.0573047 
26.05 0.0573047 
26.1 0.0573047 
26.15 0.0573047 
26.2 0.0573047 
26.25 0.0573047 
26.3 0.0573047 
26.35 0.0573047 
26.4 0.0573047 
26.45 0.0573047 
26.5 0.0573047 
26.55 0.0573047 
26.6 0.0573047 
26.65 0.0573047 
26.7 0.0573047 
26.75 0.0573047 
26.8 0.0573047 
26.85 0.0573047 
26.9 0.0573047 
26.95 0.0573047 
27 0.0573047 
27.05 0.0573047 
27.1 0.0573047 
27.15 0.0573047 
27.2 0.0573047 
27.25 0.0573047 
27.3 0.0573047 
27.35 0.0573047 
27.4 0.0573047 
27.45 0.0573047 
27.5 0.0573047 
27.55 0.0573047 
27.6 0.0573047 
27.65 0.0573047 
27.7 0.0573047 
27.75 0.0573047 
27.8 0.0573047 
27.85 0.0573047 
27.9 0.0573047 
27.95 0.0573047 
28 0.0573047 
28.05 0.0573047 
28.1 0.0573047 
28.15 0.0573047 
28.2 0.0573047 
28.25 0.0573047 
28.3 0.0573047 
28.35 0.0573047 
28.4 0.0573047 
28.45 0.0573047 
28.5 0.0573047 
28.55 0.0573047 
28.6 0.0573047 
28.65 0.0573047 
28.7 0.0573047 
28.75 0.0573047 
28.8 0.0573047 
28.85 0.0573047 
28.9 0.0573047 
28.95 0.0573047 
29 0.0573047 
29.05 0.0573047 
29.1 0.0573047 
29.15 0.0573047 
29.2 0.0573047 
29.25 0.0573047 
29.3 0.0573047 
29.35 0.0573047 
29.4 0.0573047 
29.45 0.0573047 
29.5 0.0573047 
29.55 0.0573047 
29.6 0.0573047 
29.65 0.0573047 
29.7 0.0573047 
29.75 0.0573047 
29.8 0.0573047 
29.85 0.0573047 
29.9 0.0573047 
29.95 -2.33039 
30 -2.33039 
30.05 -2.33039 
30.1 -2.33039 
30.15 0.0573047 
30.2 0.0573047 
30.25 0.0573047 
30.3 0.0573047 
30.35 0.0573047 
30.4 0.0573047 
30.45 0.0573047 
30.5 0.0573047 
30.55 0.0573047 
30.6 0.0573047 
30.65 0.0573047 
30.7 0.0573047 
30.75 0.0573047 
30.8 0.0573047 
30.85 0.0573047 
30.9 0.0573047 
30.95 0.0573047 
31 0.0573047 
31.05 0.0573047 
31.1 0.0573047 
31.15 0.0573047 
31.2 0.0573047 
31.25 0.0573047 
31.3 0.0573047 
31.35 0.0573047 
31.4 0.0573047 
31.45 0.0573047 
31.5 0.0573047 
31.55 0.0573047 
31.6 0.0573047 
31.65 0.0573047 
31.7 0.0573047 
31.75 0.0573047 
31.8 0.0573047 
31.85 0.0573047 
31.9 0.0573047 
31.95 0.0573047 
32 0.0573047 
32.05 0.0573047 
32.1 0.0573047 
32.15 0.0573047 
32.2 0.0573047 
32.25 0.0573047 
32.3 0.0573047 
32.35 0.0573047 
32.4 0.0573047 
32.45 0.0573047 
32.5 0.0573047 
32.55 0.0573047 
32.6 0.0573047 
32.65 0.0573047 
32.7 0.0573047 
32.75 0.0573047 
32.8 0.0573047 
32.85 0.0573047 
32.9 0.0573047 
32.95 0.0573047 
33 0.0573047 
33.05 0.0573047 
33.1 0.0573047 
33.15 0.0573047 
33.2 0.0573047 
33.25 0.0573047 
33.3 0.0573047 
33.35 0.0573047 
33.4 0.0573047 
33.45 0.0573047 
33.5 0.0573047 
33.55 0.0573047 
33.6 0.0573047 
33.65 0.0573047 
33.7 0.0573047 
33.75 0.0573047 
33.8 0.0573047 
33.85 0.0573047 
33.9 0.0573047 
33.95 0.0573047 
34 0.0573047 
34.05 0.0573047 
34.1 0.0573047 
34.15 0.0573047 
34.2 0.0573047 
34.25 0.0573047 
34.3 0.0573047 
34.35 0.0573047 
34.4 0.0573047 
34.45 0.0573047 
34.5 0.0573047 
34.55 0.0573047 
34.6 0.0573047 
34.65 0.0573047 
34.7 0.0573047 
34.75 0.0573047 
34.8 0.0573047 
34.85 0.0573047 
34.9 0.0573047 
34.95 0.0573047 
35 0.0573047 
35.05 0.0573047 
35.1 0.0573047 
35.15 0.0573047 
35.2 0.0573047 
35.25 0.0573047 
35.3 0.0573047 
35.35 0.0573047 
35.4 0.0573047 
35.45 0.0573047 
35.5 0.0573047 
35.55 0.0573047 
35.6 0.0573047 
35.65 0.0573047 
35.7 0.0573047 
35.75 0.0573047 
35.8 0.0573047 
35.85 0.0573047 
35.9 0.0573047 
35.95 0.0573047 
36 0.0573047 
36.05 0.0573047 
36.1 0.0573047 
36.15 0.0573047 
36.2 0.0573047 
36.25 0.0573047 
36.3 0.0573047 
36.35 0.0573047 
36.4 0.0573047 
36.45 0.0573047 
36.5 0.0573047 
36.55 0.0573047 
36.6 0.0573047 
36.65 0.0573047 
36.7 0.0573047 
36.75 0.0573047 
36.8 0.0573047 
36.85 0.0573047 
36.9 0.0573047 
36.95 0.0573047 
37 0.0573047 
37.05 0.0573047 
37.1 0.0573047 
37.15 0.0573047 
37.2 0.0573047 
37.25 0.0573047 
37.3 0.0573047 
37.35 0.0573047 
37.4 0.0573047 
37.45 0.0573047 
37.5 0.0573047 
37.55 0.0573047 
37.6 0.0573047 
37.65 0.0573047 
37.7 0.0573047 
37.75 0.0573047 
37.8 0.0573047 
37.85 0.0573047 
37.9 0.0573047 
37.95 0.0573047 
38 0.0573047 
38.05 0.0573047 
38.1 0.0573047 
38.15 0.0573047 
38.2 0.0573047 
38.25 0.0573047 
38.3 -2.33039 
38.35 -2.33039 
38.4 -2.33039 
38.45 -2.33039 
38.5 0.0573047 
38.55 0.0573047 
38.6 0.0573047 
38.65 0.0573047 
38.7 0.0573047 
38.75 0.0573047 
38.8 0.0573047 
38.85 0.0573047 
38.9 0.0573047 
38.95 0.0573047 
39 0.0573047 
39.05 0.0573047 
39.1 0.0573047 
39.15 0.0573047 
39.2 0.0573047 
39.25 0.0573047 
39.3 0.0573047 
39.35 0.0573047 
39.4 0.0573047 
39.45 0.0573047 
39.5 0.0573047 
39.55 0.0573047 
39.6 0.0573047 
39.65 0.0573047 
39.7 0.0573047 
39.75 0.0573047 
39.8 0.0573047 
39.85 0.0573047 
39.9 0.0573047 
39.95 0.0573047 
40 0.0573047 
40.05 0.0573047 
40.1 0.0573047 
40.15 0.0573047 
40.2 0.0573047 
40.25 0.0573047 
40.3 0.0573047 
40.35 0.0573047 
40.4 0.0573047 
40.45 0.0573047 
40.5 0.0573047 
40.55 0.0573047 
40.6 0.0573047 
40.65 0.0573047 
40.7 0.0573047 
40.75 0.0573047 
40.8 0.0573047 
40.85 0.0573047 
40.9 0.0573047 
40.95 0.0573047 
41 0.0573047 
41.05 0.0573047 
41.1 0.0573047 
41.15 0.0573047 
41.2 0.0573047 
41.25 0.0573047 
41.3 0.0573047 
41.35 0.0573047 
41.4 0.0573047 
41.45 0.0573047 
41.5 0.0573047 
41.55 0.0573047 
41.6 0.0573047 
41.65 0.0573047 
41.7 0.0573047 
41.75 0.0573047 
41.8 0.0573047 
41.85 0.0573047 
41.9 0.0573047 
41.95 0.0573047 
42 0.0573047 
42.05 0.0573047 
42.1 0.0573047 
42.15 0.0573047 
42.2 0.0573047 
42.25 0.0573047 
42.3 0.0573047 
42.35 0.0573047 
42.4 0.0573047 
42.45 0.0573047 
42.5 0.0573047 
42.55 0.0573047 
42.6 0.0573047 
42.65 0.0573047 
42.7 0.0573047 
42.75 0.0573047 
42.8 0.0573047 
42.85 0.0573047 
42.9 0.0573047 
42.95 0.0573047 
43 0.0573047 
43.05 0.0573047 
43.1 0.0573047 
43.15 0.0573047 
43.2 0.0573047 
43.25 0.0573047 
43.3 0.0573047 
43.35 0.0573047 
43.4 0.0573047 
43.45 0.0573047 
43.5 0.0573047 
43.55 0.0573047 
43.6 0.0573047 
43.65 0.0573047 
43.7 0.0573047 
43.75 0.0573047 
43.8 0.0573047 
43.85 0.0573047 
43.9 0.0573047 
43.95 0.0573047 
44 0.0573047 
44.05 0.0573047 
44.1 0.0573047 
44.15 0.0573047 
44.2 0.0573047 
44.25 0.0573047 
44.3 0.0573047 
44.35 0.0573047 
44.4 0.0573047 
44.45 0.0573047 
44.5 0.0573047 
44.55 0.0573047 
44.6 0.0573047 
44.65 0.0573047 
44.7 0.0573047 
44.75 0.0573047 
44.8 0.0573047 
44.85 0.0573047 
44.9 0.0573047 
44.95 0.0573047 
45 0.0573047 
45.05 0.0573047 
45.1 0.0573047 
45.15 0.0573047 
45.2 0.0573047 
45.25 0.0573047 
45.3 0.0573047 
45.35 0.0573047 
45.4 0.0573047 
45.45 0.0573047 
45.5 0.0573047 
45.55 0.0573047 
45.6 0.0573047 
45.65 0.0573047 
45.7 0.0573047 
45.75 0.0573047 
45.8 0.0573047 
45.85 0.0573047 
45.9 0.0573047 
45.95 0.0573047 
46 0.0573047 
46.05 0.0573047 
46.1 0.0573047 
46.15 0.0573047 
46.2 0.0573047 
46.25 0.0573047 
46.3 0.0573047 
46.35 0.0573047 
46.4 0.0573047 
46.45 0.0573047 
46.5 0.0573047 
46.55 0.0573047 
46.6 0.0573047 
46.65 -2.33039 
46.7 -2.33039 
46.75 -2.33039 
46.8 -2.33039 
46.85 0.0573047 
46.9 0.0573047 
46.95 0.0573047 
47 0.0573047 
47.05 0.0573047 
47.1 0.0573047 
47.15 0.0573047 
47.2 0.0573047 
47.25 0.0573047 
47.3 0.0573047 
47.35 0.0573047 
47.4 0.0573047 
47.45 0.0573047 
47.5 0.0573047 
47.55 0.0573047 
47.6 0.0573047 
47.65 0.0573047 
47.7 0.0573047 
47.75 0.0573047 
47.8 0.0573047 
47.85 0.0573047 
47.9 0.0573047 
47.95 0.0573047 
48 0.0573047 
48.05 0.0573047 
48.1 0.0573047 
48.15 0.0573047 
48.2 0.0573047 
48.25 0.0573047 
48.3 0.0573047 
48.35 0.0573047 
48.4 0.0573047 
48.45 0.0573047 
48.5 0.0573047 
48.55 0.0573047 
48.6 0.0573047 
48.65 0.0573047 
48.7 0.0573047 
48.75 0.0573047 
48.8 0.0573047 
48.85 0.0573047 
48.9 0.0573047 
48.95 0.0573047 
49 0.0573047 
49.05 0.0573047 
49.1 0.0573047 
49.15 0.0573047 
49.2 0.0573047 
49.25 0.0573047 
49.3 0.0573047 
49.35 0.0573047 
49.4 0.0573047 
49.45 0.0573047 
49.5 0.0573047 
49.55 0.0573047 
49.6 0.0573047 
49.65 0.0573047 
49.7 0.0573047 
49.75 0.0573047 
49.8 0.0573047 
49.85 0.0573047 
49.9 0.0573047 
49.95 0 
50 0 
