0 -0 
0.05 -0 
0.1 -0 
0.15 -0 
0.2 -0 
0.25 -0 
0.3 -0 
0.35 -0 
0.4 -0 
0.45 -0 
0.5 -0 
0.55 -0 
0.6 -0 
0.65 -0 
0.7 -0 
0.75 -0 
0.8 -0 
0.85 -0 
0.9 -0 
0.95 -0 
1 -0 
1.05 -0 
1.1 -0 
1.15 -0 
1.2 -0 
1.25 -0 
1.3 -0 
1.35 -0 
1.4 -0 
1.45 -0 
1.5 -0 
1.55 -0 
1.6 -0 
1.65 -0 
1.7 -0 
1.75 -0 
1.8 -0 
1.85 -0 
1.9 -0 
1.95 -0 
2 -0 
2.05 -0 
2.1 -0 
2.15 -0 
2.2 -0 
2.25 -0 
2.3 -0 
2.35 -0 
2.4 -0 
2.45 -0 
2.5 -0 
2.55 -0 
2.6 -0 
2.65 -0 
2.7 -0 
2.75 -0 
2.8 -0 
2.85 -0 
2.9 -0 
2.95 -0 
3 -0 
3.05 -0 
3.1 -0 
3.15 -0 
3.2 -0 
3.25 -0 
3.3 -0 
3.35 -0 
3.4 -0 
3.45 -0 
3.5 -0 
3.55 -0 
3.6 -0 
3.65 -0 
3.7 -0 
3.75 -0 
3.8 -0 
3.85 -0 
3.9 -0 
3.95 -0 
4 -0 
4.05 -0 
4.1 -0 
4.15 -0 
4.2 -0 
4.25 -0 
4.3 -0 
4.35 -0 
4.4 -0 
4.45 -0 
4.5 -0 
4.55 -0 
4.6 -0 
4.65 -0 
4.7 -0 
4.75 -0 
4.8 -0 
4.85 -0 
4.9 -0 
4.95 -0 
5 -15 
5.05 -15 
5.1 -15 
5.15 -15 
5.2 0.432099 
5.25 0.432099 
5.3 0.432099 
5.35 0.432099 
5.4 0.432099 
5.45 0.432099 
5.5 0.432099 
5.55 0.432099 
5.6 0.432099 
5.65 0.432099 
5.7 0.432099 
5.75 0.432099 
5.8 0.432099 
5.85 0.432099 
5.9 0.432099 
5.95 0.432099 
6 0.432099 
6.05 0.432099 
6.1 0.432099 
6.15 0.432099 
6.2 0.432099 
6.25 0.432099 
6.3 0.432099 
6.35 0.432099 
6.4 0.432099 
6.45 0.432099 
6.5 0.432099 
6.55 0.432099 
6.6 0.432099 
6.65 0.432099 
6.7 0.432099 
6.75 0.432099 
6.8 0.432099 
6.85 0.432099 
6.9 0.432099 
6.95 0.432099 
7 0.432099 
7.05 0.432099 
7.1 0.432099 
7.15 0.432099 
7.2 0.432099 
7.25 0.432099 
7.3 0.432099 
7.35 0.432099 
7.4 0.432099 
7.45 0.432099 
7.5 0.432099 
7.55 0.432099 
7.6 0.432099 
7.65 0.432099 
7.7 0.432099 
7.75 0.432099 
7.8 0.432099 
7.85 0.432099 
7.9 0.432099 
7.95 0.432099 
8 0.432099 
8.05 0.432099 
8.1 0.432099 
8.15 0.432099 
8.2 0.432099 
8.25 0.432099 
8.3 0.432099 
8.35 0.432099 
8.4 0.432099 
8.45 0.432099 
8.5 0.432099 
8.55 0.432099 
8.6 0.432099 
8.65 0.432099 
8.7 0.432099 
8.75 0.432099 
8.8 0.432099 
8.85 0.432099 
8.9 0.432099 
8.95 0.432099 
9 0.432099 
9.05 0.432099 
9.1 0.432099 
9.15 0.432099 
9.2 0.432099 
9.25 0.432099 
9.3 0.432099 
9.35 0.432099 
9.4 0.432099 
9.45 0.432099 
9.5 0.432099 
9.55 0.432099 
9.6 0.432099 
9.65 0.432099 
9.7 0.432099 
9.75 0.432099 
9.8 0.432099 
9.85 0.432099 
9.9 0.432099 
9.95 0.432099 
10 0.432099 
10.05 0.432099 
10.1 0.432099 
10.15 0.432099 
10.2 0.432099 
10.25 0.432099 
10.3 0.432099 
10.35 0.432099 
10.4 0.432099 
10.45 0.432099 
10.5 0.432099 
10.55 0.432099 
10.6 0.432099 
10.65 0.432099 
10.7 0.432099 
10.75 0.432099 
10.8 0.432099 
10.85 0.432099 
10.9 0.432099 
10.95 0.432099 
11 0.432099 
11.05 0.432099 
11.1 0.432099 
11.15 0.432099 
11.2 0.432099 
11.25 0.432099 
11.3 0.432099 
11.35 0.432099 
11.4 0.432099 
11.45 0.432099 
11.5 0.432099 
11.55 0.432099 
11.6 0.432099 
11.65 0.432099 
11.7 0.432099 
11.75 0.432099 
11.8 0.432099 
11.85 0.432099 
11.9 0.432099 
11.95 0.432099 
12 0.432099 
12.05 0.432099 
12.1 0.432099 
12.15 -15 
12.2 -15 
12.25 -15 
12.3 -15 
12.35 0.432099 
12.4 0.432099 
12.45 0.432099 
12.5 0.432099 
12.55 0.432099 
12.6 0.432099 
12.65 0.432099 
12.7 0.432099 
12.75 0.432099 
12.8 0.432099 
12.85 0.432099 
12.9 0.432099 
12.95 0.432099 
13 0.432099 
13.05 0.432099 
13.1 0.432099 
13.15 0.432099 
13.2 0.432099 
13.25 0.432099 
13.3 0.432099 
13.35 0.432099 
13.4 0.432099 
13.45 0.432099 
13.5 0.432099 
13.55 0.432099 
13.6 0.432099 
13.65 0.432099 
13.7 0.432099 
13.75 0.432099 
13.8 0.432099 
13.85 0.432099 
13.9 0.432099 
13.95 0.432099 
14 0.432099 
14.05 0.432099 
14.1 0.432099 
14.15 0.432099 
14.2 0.432099 
14.25 0.432099 
14.3 0.432099 
14.35 0.432099 
14.4 0.432099 
14.45 0.432099 
14.5 0.432099 
14.55 0.432099 
14.6 0.432099 
14.65 0.432099 
14.7 0.432099 
14.75 0.432099 
14.8 0.432099 
14.85 0.432099 
14.9 0.432099 
14.95 0.432099 
15 0.432099 
15.05 0.432099 
15.1 0.432099 
15.15 0.432099 
15.2 0.432099 
15.25 0.432099 
15.3 0.432099 
15.35 0.432099 
15.4 0.432099 
15.45 0.432099 
15.5 0.432099 
15.55 0.432099 
15.6 0.432099 
15.65 0.432099 
15.7 0.432099 
15.75 0.432099 
15.8 0.432099 
15.85 0.432099 
15.9 0.432099 
15.95 0.432099 
16 0.432099 
16.05 0.432099 
16.1 0.432099 
16.15 0.432099 
16.2 0.432099 
16.25 0.432099 
16.3 0.432099 
16.35 0.432099 
16.4 0.432099 
16.45 0.432099 
16.5 0.432099 
16.55 0.432099 
16.6 0.432099 
16.65 0.432099 
16.7 0.432099 
16.75 0.432099 
16.8 0.432099 
16.85 0.432099 
16.9 0.432099 
16.95 0.432099 
17 0.432099 
17.05 0.432099 
17.1 0.432099 
17.15 0.432099 
17.2 0.432099 
17.25 0.432099 
17.3 0.432099 
17.35 0.432099 
17.4 0.432099 
17.45 0.432099 
17.5 0.432099 
17.55 0.432099 
17.6 0.432099 
17.65 0.432099 
17.7 0.432099 
17.75 0.432099 
17.8 0.432099 
17.85 0.432099 
17.9 0.432099 
17.95 0.432099 
18 0.432099 
18.05 0.432099 
18.1 0.432099 
18.15 0.432099 
18.2 0.432099 
18.25 0.432099 
18.3 0.432099 
18.35 0.432099 
18.4 0.432099 
18.45 0.432099 
18.5 0.432099 
18.55 0.432099 
18.6 0.432099 
18.65 0.432099 
18.7 0.432099 
18.75 0.432099 
18.8 0.432099 
18.85 0.432099 
18.9 0.432099 
18.95 0.432099 
19 0.432099 
19.05 0.432099 
19.1 0.432099 
19.15 0.432099 
19.2 0.432099 
19.25 0.432099 
19.3 -15 
19.35 -15 
19.4 -15 
19.45 -15 
19.5 0.432099 
19.55 0.432099 
19.6 0.432099 
19.65 0.432099 
19.7 0.432099 
19.75 0.432099 
19.8 0.432099 
19.85 0.432099 
19.9 0.432099 
19.95 0.432099 
20 0.432099 
20.05 0.432099 
20.1 0.432099 
20.15 0.432099 
20.2 0.432099 
20.25 0.432099 
20.3 0.432099 
20.35 0.432099 
20.4 0.432099 
20.45 0.432099 
20.5 0.432099 
20.55 0.432099 
20.6 0.432099 
20.65 0.432099 
20.7 0.432099 
20.75 0.432099 
20.8 0.432099 
20.85 0.432099 
20.9 0.432099 
20.95 0.432099 
21 0.432099 
21.05 0.432099 
21.1 0.432099 
21.15 0.432099 
21.2 0.432099 
21.25 0.432099 
21.3 0.432099 
21.35 0.432099 
21.4 0.432099 
21.45 0.432099 
21.5 0.432099 
21.55 0.432099 
21.6 0.432099 
21.65 0.432099 
21.7 0.432099 
21.75 0.432099 
21.8 0.432099 
21.85 0.432099 
21.9 0.432099 
21.95 0.432099 
22 0.432099 
22.05 0.432099 
22.1 0.432099 
22.15 0.432099 
22.2 0.432099 
22.25 0.432099 
22.3 0.432099 
22.35 0.432099 
22.4 0.432099 
22.45 0.432099 
22.5 0.432099 
22.55 0.432099 
22.6 0.432099 
22.65 0.432099 
22.7 0.432099 
22.75 0.432099 
22.8 0.432099 
22.85 0.432099 
22.9 0.432099 
22.95 0.432099 
23 0.432099 
23.05 0.432099 
23.1 0.432099 
23.15 0.432099 
23.2 0.432099 
23.25 0.432099 
23.3 0.432099 
23.35 0.432099 
23.4 0.432099 
23.45 0.432099 
23.5 0.432099 
23.55 0.432099 
23.6 0.432099 
23.65 0.432099 
23.7 0.432099 
23.75 0.432099 
23.8 0.432099 
23.85 0.432099 
23.9 0.432099 
23.95 0.432099 
24 0.432099 
24.05 0.432099 
24.1 0.432099 
24.15 0.432099 
24.2 0.432099 
24.25 0.432099 
24.3 0.432099 
24.35 0.432099 
24.4 0.432099 
24.45 0.432099 
24.5 0.432099 
24.55 0.432099 
24.6 0.432099 
24.65 0.432099 
24.7 0.432099 
24.75 0.432099 
24.8 0.432099 
24.85 0.432099 
24.9 0.432099 
24.95 0.432099 
25 0.432099 
25.05 0.432099 
25.1 0.432099 
25.15 0.432099 
25.2 0.432099 
25.25 0.432099 
25.3 0.432099 
25.35 0.432099 
25.4 0.432099 
25.45 0.432099 
25.5 0.432099 
25.55 0.432099 
25.6 0.432099 
25.65 0.432099 
25.7 0.432099 
25.75 0.432099 
25.8 0.432099 
25.85 0.432099 
25.9 0.432099 
25.95 0.432099 
26 0.432099 
26.05 0.432099 
26.1 0.432099 
26.15 0.432099 
26.2 0.432099 
26.25 0.432099 
26.3 0.432099 
26.35 0.432099 
26.4 0.432099 
26.45 -15 
26.5 -15 
26.55 -15 
26.6 -15 
26.65 0.432099 
26.7 0.432099 
26.75 0.432099 
26.8 0.432099 
26.85 0.432099 
26.9 0.432099 
26.95 0.432099 
27 0.432099 
27.05 0.432099 
27.1 0.432099 
27.15 0.432099 
27.2 0.432099 
27.25 0.432099 
27.3 0.432099 
27.35 0.432099 
27.4 0.432099 
27.45 0.432099 
27.5 0.432099 
27.55 0.432099 
27.6 0.432099 
27.65 0.432099 
27.7 0.432099 
27.75 0.432099 
27.8 0.432099 
27.85 0.432099 
27.9 0.432099 
27.95 0.432099 
28 0.432099 
28.05 0.432099 
28.1 0.432099 
28.15 0.432099 
28.2 0.432099 
28.25 0.432099 
28.3 0.432099 
28.35 0.432099 
28.4 0.432099 
28.45 0.432099 
28.5 0.432099 
28.55 0.432099 
28.6 0.432099 
28.65 0.432099 
28.7 0.432099 
28.75 0.432099 
28.8 0.432099 
28.85 0.432099 
28.9 0.432099 
28.95 0.432099 
29 0.432099 
29.05 0.432099 
29.1 0.432099 
29.15 0.432099 
29.2 0.432099 
29.25 0.432099 
29.3 0.432099 
29.35 0.432099 
29.4 0.432099 
29.45 0.432099 
29.5 0.432099 
29.55 0.432099 
29.6 0.432099 
29.65 0.432099 
29.7 0.432099 
29.75 0.432099 
29.8 0.432099 
29.85 0.432099 
29.9 0.432099 
29.95 0.432099 
30 0.432099 
30.05 0.432099 
30.1 0.432099 
30.15 0.432099 
30.2 0.432099 
30.25 0.432099 
30.3 0.432099 
30.35 0.432099 
30.4 0.432099 
30.45 0.432099 
30.5 0.432099 
30.55 0.432099 
30.6 0.432099 
30.65 0.432099 
30.7 0.432099 
30.75 0.432099 
30.8 0.432099 
30.85 0.432099 
30.9 0.432099 
30.95 0.432099 
31 0.432099 
31.05 0.432099 
31.1 0.432099 
31.15 0.432099 
31.2 0.432099 
31.25 0.432099 
31.3 0.432099 
31.35 0.432099 
31.4 0.432099 
31.45 0.432099 
31.5 0.432099 
31.55 0.432099 
31.6 0.432099 
31.65 0.432099 
31.7 0.432099 
31.75 0.432099 
31.8 0.432099 
31.85 0.432099 
31.9 0.432099 
31.95 0.432099 
32 0.432099 
32.05 0.432099 
32.1 0.432099 
32.15 0.432099 
32.2 0.432099 
32.25 0.432099 
32.3 0.432099 
32.35 0.432099 
32.4 0.432099 
32.45 0.432099 
32.5 0.432099 
32.55 0.432099 
32.6 0.432099 
32.65 0.432099 
32.7 0.432099 
32.75 0.432099 
32.8 0.432099 
32.85 0.432099 
32.9 0.432099 
32.95 0.432099 
33 0.432099 
33.05 0.432099 
33.1 0.432099 
33.15 0.432099 
33.2 0.432099 
33.25 0.432099 
33.3 0.432099 
33.35 0.432099 
33.4 0.432099 
33.45 0.432099 
33.5 0.432099 
33.55 -15 
33.6 -15 
33.65 -15 
33.7 -15 
33.75 0.432099 
33.8 0.432099 
33.85 0.432099 
33.9 0.432099 
33.95 0.432099 
34 0.432099 
34.05 0.432099 
34.1 0.432099 
34.15 0.432099 
34.2 0.432099 
34.25 0.432099 
34.3 0.432099 
34.35 0.432099 
34.4 0.432099 
34.45 0.432099 
34.5 0.432099 
34.55 0.432099 
34.6 0.432099 
34.65 0.432099 
34.7 0.432099 
34.75 0.432099 
34.8 0.432099 
34.85 0.432099 
34.9 0.432099 
34.95 0.432099 
35 0.432099 
35.05 0.432099 
35.1 0.432099 
35.15 0.432099 
35.2 0.432099 
35.25 0.432099 
35.3 0.432099 
35.35 0.432099 
35.4 0.432099 
35.45 0.432099 
35.5 0.432099 
35.55 0.432099 
35.6 0.432099 
35.65 0.432099 
35.7 0.432099 
35.75 0.432099 
35.8 0.432099 
35.85 0.432099 
35.9 0.432099 
35.95 0.432099 
36 0.432099 
36.05 0.432099 
36.1 0.432099 
36.15 0.432099 
36.2 0.432099 
36.25 0.432099 
36.3 0.432099 
36.35 0.432099 
36.4 0.432099 
36.45 0.432099 
36.5 0.432099 
36.55 0.432099 
36.6 0.432099 
36.65 0.432099 
36.7 0.432099 
36.75 0.432099 
36.8 0.432099 
36.85 0.432099 
36.9 0.432099 
36.95 0.432099 
37 0.432099 
37.05 0.432099 
37.1 0.432099 
37.15 0.432099 
37.2 0.432099 
37.25 0.432099 
37.3 0.432099 
37.35 0.432099 
37.4 0.432099 
37.45 0.432099 
37.5 0.432099 
37.55 0.432099 
37.6 0.432099 
37.65 0.432099 
37.7 0.432099 
37.75 0.432099 
37.8 0.432099 
37.85 0.432099 
37.9 0.432099 
37.95 0.432099 
38 0.432099 
38.05 0.432099 
38.1 0.432099 
38.15 0.432099 
38.2 0.432099 
38.25 0.432099 
38.3 0.432099 
38.35 0.432099 
38.4 0.432099 
38.45 0.432099 
38.5 0.432099 
38.55 0.432099 
38.6 0.432099 
38.65 0.432099 
38.7 0.432099 
38.75 0.432099 
38.8 0.432099 
38.85 0.432099 
38.9 0.432099 
38.95 0.432099 
39 0.432099 
39.05 0.432099 
39.1 0.432099 
39.15 0.432099 
39.2 0.432099 
39.25 0.432099 
39.3 0.432099 
39.35 0.432099 
39.4 0.432099 
39.45 0.432099 
39.5 0.432099 
39.55 0.432099 
39.6 0.432099 
39.65 0.432099 
39.7 0.432099 
39.75 0.432099 
39.8 0.432099 
39.85 0.432099 
39.9 0.432099 
39.95 0.432099 
40 0.432099 
40.05 0.432099 
40.1 0.432099 
40.15 0.432099 
40.2 0.432099 
40.25 0.432099 
40.3 0.432099 
40.35 0.432099 
40.4 0.432099 
40.45 0.432099 
40.5 0.432099 
40.55 0.432099 
40.6 0.432099 
40.65 0.432099 
40.7 -15 
40.75 -15 
40.8 -15 
40.85 -15 
40.9 0.432099 
40.95 0.432099 
41 0.432099 
41.05 0.432099 
41.1 0.432099 
41.15 0.432099 
41.2 0.432099 
41.25 0.432099 
41.3 0.432099 
41.35 0.432099 
41.4 0.432099 
41.45 0.432099 
41.5 0.432099 
41.55 0.432099 
41.6 0.432099 
41.65 0.432099 
41.7 0.432099 
41.75 0.432099 
41.8 0.432099 
41.85 0.432099 
41.9 0.432099 
41.95 0.432099 
42 0.432099 
42.05 0.432099 
42.1 0.432099 
42.15 0.432099 
42.2 0.432099 
42.25 0.432099 
42.3 0.432099 
42.35 0.432099 
42.4 0.432099 
42.45 0.432099 
42.5 0.432099 
42.55 0.432099 
42.6 0.432099 
42.65 0.432099 
42.7 0.432099 
42.75 0.432099 
42.8 0.432099 
42.85 0.432099 
42.9 0.432099 
42.95 0.432099 
43 0.432099 
43.05 0.432099 
43.1 0.432099 
43.15 0.432099 
43.2 0.432099 
43.25 0.432099 
43.3 0.432099 
43.35 0.432099 
43.4 0.432099 
43.45 0.432099 
43.5 0.432099 
43.55 0.432099 
43.6 0.432099 
43.65 0.432099 
43.7 0.432099 
43.75 0.432099 
43.8 0.432099 
43.85 0.432099 
43.9 0.432099 
43.95 0.432099 
44 0.432099 
44.05 0.432099 
44.1 0.432099 
44.15 0.432099 
44.2 0.432099 
44.25 0.432099 
44.3 0.432099 
44.35 0.432099 
44.4 0.432099 
44.45 0.432099 
44.5 0.432099 
44.55 0.432099 
44.6 0.432099 
44.65 0.432099 
44.7 0.432099 
44.75 0.432099 
44.8 0.432099 
44.85 0.432099 
44.9 0.432099 
44.95 0.432099 
45 0.432099 
45.05 0.432099 
45.1 0.432099 
45.15 0.432099 
45.2 0.432099 
45.25 0.432099 
45.3 0.432099 
45.35 0.432099 
45.4 0.432099 
45.45 0.432099 
45.5 0.432099 
45.55 0.432099 
45.6 0.432099 
45.65 0.432099 
45.7 0.432099 
45.75 0.432099 
45.8 0.432099 
45.85 0.432099 
45.9 0.432099 
45.95 0.432099 
46 0.432099 
46.05 0.432099 
46.1 0.432099 
46.15 0.432099 
46.2 0.432099 
46.25 0.432099 
46.3 0.432099 
46.35 0.432099 
46.4 0.432099 
46.45 0.432099 
46.5 0.432099 
46.55 0.432099 
46.6 0.432099 
46.65 0.432099 
46.7 0.432099 
46.75 0.432099 
46.8 0.432099 
46.85 0.432099 
46.9 0.432099 
46.95 0.432099 
47 0.432099 
47.05 0.432099 
47.1 0.432099 
47.15 0.432099 
47.2 0.432099 
47.25 0.432099 
47.3 0.432099 
47.35 0.432099 
47.4 0.432099 
47.45 0.432099 
47.5 0.432099 
47.55 0.432099 
47.6 0.432099 
47.65 0.432099 
47.7 0.432099 
47.75 0.432099 
47.8 0.432099 
47.85 -15 
47.9 -15 
47.95 -15 
48 -15 
48.05 0.432099 
48.1 0.432099 
48.15 0.432099 
48.2 0.432099 
48.25 0.432099 
48.3 0.432099 
48.35 0.432099 
48.4 0.432099 
48.45 0.432099 
48.5 0.432099 
48.55 0.432099 
48.6 0.432099 
48.65 0.432099 
48.7 0.432099 
48.75 0.432099 
48.8 0.432099 
48.85 0.432099 
48.9 0.432099 
48.95 0.432099 
49 0.432099 
49.05 0.432099 
49.1 0.432099 
49.15 0.432099 
49.2 0.432099 
49.25 0.432099 
49.3 0.432099 
49.35 0.432099 
49.4 0.432099 
49.45 0.432099 
49.5 0.432099 
49.55 0.432099 
49.6 0.432099 
49.65 0.432099 
49.7 0.432099 
49.75 0.432099 
49.8 0.432099 
49.85 0.432099 
49.9 0.432099 
49.95 0 
50 0 
