0 -80 
0.05 -80.0859 
0.1 -80.1312 
0.15 -80.1647 
0.2 -80.1923 
0.25 -80.216 
0.3 -80.237 
0.35 -80.2561 
0.4 -80.2737 
0.45 -80.2903 
0.5 -80.306 
0.55 -80.3209 
0.6 -80.3352 
0.65 -80.349 
0.7 -80.3622 
0.75 -80.375 
0.8 -80.3873 
0.85 -80.3992 
0.9 -80.4107 
0.95 -80.4218 
1 -80.4326 
1.05 -80.443 
1.1 -80.453 
1.15 -80.4628 
1.2 -80.4722 
1.25 -80.4814 
1.3 -80.4902 
1.35 -80.4988 
1.4 -80.5071 
1.45 -80.5152 
1.5 -80.523 
1.55 -80.5306 
1.6 -80.538 
1.65 -80.5451 
1.7 -80.5521 
1.75 -80.5588 
1.8 -80.5654 
1.85 -80.5717 
1.9 -80.5779 
1.95 -80.5839 
2 -80.5898 
2.05 -80.5955 
2.1 -80.601 
2.15 -80.6064 
2.2 -80.6117 
2.25 -80.6168 
2.3 -80.6218 
2.35 -80.6267 
2.4 -80.6314 
2.45 -80.6361 
2.5 -80.6406 
2.55 -80.645 
2.6 -80.6493 
2.65 -80.6536 
2.7 -80.6577 
2.75 -80.6617 
2.8 -80.6657 
2.85 -80.6696 
2.9 -80.6733 
2.95 -80.677 
3 -80.6807 
3.05 -80.6842 
3.1 -80.6877 
3.15 -80.6912 
3.2 -80.6945 
3.25 -80.6978 
3.3 -80.7011 
3.35 -80.7043 
3.4 -80.7074 
3.45 -80.7105 
3.5 -80.7135 
3.55 -80.7165 
3.6 -80.7194 
3.65 -80.7223 
3.7 -80.7251 
3.75 -80.7279 
3.8 -80.7307 
3.85 -80.7334 
3.9 -80.7361 
3.95 -80.7387 
4 -80.7414 
4.05 -80.7439 
4.1 -80.7465 
4.15 -80.749 
4.2 -80.7515 
4.25 -80.7539 
4.3 -80.7563 
4.35 -80.7587 
4.4 -80.7611 
4.45 -80.7634 
4.5 -80.7657 
4.55 -80.768 
4.6 -80.7703 
4.65 -80.7725 
4.7 -80.7747 
4.75 -80.7769 
4.8 -80.7791 
4.85 -80.7813 
4.9 -80.7834 
4.95 -80.7855 
5 -80.7876 
5.05 -63.135 
5.1 -37.3204 
5.15 12.1192 
5.2 26.8757 
5.25 21.3977 
5.3 11.9234 
5.35 1.15259 
5.4 -9.29389 
5.45 -18.4767 
5.5 -26.0581 
5.55 -32.0677 
5.6 -36.7121 
5.65 -40.2637 
5.7 -42.996 
5.75 -45.1412 
5.8 -46.8757 
5.85 -48.3246 
5.9 -49.5743 
5.95 -50.6839 
6 -51.6944 
6.05 -52.635 
6.1 -53.5266 
6.15 -54.3849 
6.2 -55.2215 
6.25 -56.0456 
6.3 -56.8639 
6.35 -57.6816 
6.4 -58.5023 
6.45 -59.3277 
6.5 -60.1583 
6.55 -60.9931 
6.6 -61.8296 
6.65 -62.664 
6.7 -63.492 
6.75 -64.3082 
6.8 -65.1077 
6.85 -65.8856 
6.9 -66.6377 
6.95 -67.3607 
7 -68.0524 
7.05 -68.7115 
7.1 -69.3375 
7.15 -69.9305 
7.2 -70.4914 
7.25 -71.0212 
7.3 -71.5215 
7.35 -71.9936 
7.4 -72.4392 
7.45 -72.8597 
7.5 -73.2568 
7.55 -73.6319 
7.6 -73.9863 
7.65 -74.3213 
7.7 -74.6382 
7.75 -74.9381 
7.8 -75.222 
7.85 -75.491 
7.9 -75.7458 
7.95 -75.9875 
8 -76.2167 
8.05 -76.4343 
8.1 -76.6408 
8.15 -76.8371 
8.2 -77.0237 
8.25 -77.2011 
8.3 -77.3699 
8.35 -77.5306 
8.4 -77.6837 
8.45 -77.8296 
8.5 -77.9688 
8.55 -78.1016 
8.6 -78.2284 
8.65 -78.3495 
8.7 -78.4654 
8.75 -78.5762 
8.8 -78.6823 
8.85 -78.784 
8.9 -78.8814 
8.95 -78.9749 
9 -79.0647 
9.05 -79.151 
9.1 -79.234 
9.15 -79.3139 
9.2 -79.3908 
9.25 -79.4649 
9.3 -79.5365 
9.35 -79.6055 
9.4 -79.6723 
9.45 -79.7368 
9.5 -79.7993 
9.55 -79.8598 
9.6 -79.9185 
9.65 -79.9754 
9.7 -80.0307 
9.75 -80.0845 
9.8 -80.1367 
9.85 -80.1876 
9.9 -80.2372 
9.95 -80.2855 
10 -80.3327 
10.05 -80.3788 
10.1 -80.4238 
10.15 -80.4678 
10.2 -80.5109 
10.25 -80.553 
10.3 -80.5944 
10.35 -80.6349 
10.4 -80.6747 
10.45 -80.7137 
10.5 -80.7521 
10.55 -80.7898 
10.6 -80.8269 
10.65 -80.8634 
10.7 -80.8994 
10.75 -80.9348 
10.8 -80.9697 
10.85 -81.0041 
10.9 -81.0381 
10.95 -81.0716 
11 -81.1047 
11.05 -81.1373 
11.1 -81.1696 
11.15 -81.2016 
11.2 -81.2331 
11.25 -81.2643 
11.3 -81.2952 
11.35 -81.3258 
11.4 -81.3561 
11.45 -81.3861 
11.5 -81.4158 
11.55 -81.4452 
11.6 -81.4744 
11.65 -81.5033 
11.7 -81.5319 
11.75 -81.5604 
11.8 -81.5886 
11.85 -81.6165 
11.9 -81.6443 
11.95 -81.6718 
12 -81.6992 
12.05 -81.7263 
12.1 -81.7532 
12.15 -81.78 
12.2 -65.8092 
12.25 -41.6559 
12.3 1.30926 
12.35 23.3071 
12.4 18.3504 
12.45 8.37094 
12.5 -2.77223 
12.55 -13.6252 
12.6 -23.037 
12.65 -30.6397 
12.7 -36.5561 
12.75 -41.0612 
12.8 -44.4819 
12.85 -47.1242 
12.9 -49.228 
12.95 -50.964 
13 -52.4482 
13.05 -53.7584 
13.1 -54.9471 
13.15 -56.0499 
13.2 -57.0912 
13.25 -58.0877 
13.3 -59.0504 
13.35 -59.9862 
13.4 -60.8989 
13.45 -61.7899 
13.5 -62.6587 
13.55 -63.5037 
13.6 -64.3225 
13.65 -65.1126 
13.7 -65.8717 
13.75 -66.5978 
13.8 -67.2896 
13.85 -67.9463 
13.9 -68.568 
13.95 -69.1552 
14 -69.7087 
14.05 -70.23 
14.1 -70.7204 
14.15 -71.1817 
14.2 -71.6154 
14.25 -72.0232 
14.3 -72.4069 
14.35 -72.7678 
14.4 -73.1077 
14.45 -73.4277 
14.5 -73.7294 
14.55 -74.0138 
14.6 -74.2822 
14.65 -74.5355 
14.7 -74.7749 
14.75 -75.0012 
14.8 -75.2153 
14.85 -75.4179 
14.9 -75.6098 
14.95 -75.7918 
15 -75.9644 
15.05 -76.1283 
15.1 -76.284 
15.15 -76.4321 
15.2 -76.5729 
15.25 -76.7071 
15.3 -76.835 
15.35 -76.957 
15.4 -77.0736 
15.45 -77.1849 
15.5 -77.2915 
15.55 -77.3935 
15.6 -77.4913 
15.65 -77.5851 
15.7 -77.6752 
15.75 -77.7618 
15.8 -77.8452 
15.85 -77.9255 
15.9 -78.0029 
15.95 -78.0777 
16 -78.1499 
16.05 -78.2198 
16.1 -78.2875 
16.15 -78.3531 
16.2 -78.4167 
16.25 -78.4786 
16.3 -78.5387 
16.35 -78.5972 
16.4 -78.6542 
16.45 -78.7098 
16.5 -78.7641 
16.55 -78.8171 
16.6 -78.869 
16.65 -78.9197 
16.7 -78.9694 
16.75 -79.0182 
16.8 -79.066 
16.85 -79.1129 
16.9 -79.1591 
16.95 -79.2044 
17 -79.2491 
17.05 -79.293 
17.1 -79.3363 
17.15 -79.379 
17.2 -79.4212 
17.25 -79.4627 
17.3 -79.5038 
17.35 -79.5443 
17.4 -79.5844 
17.45 -79.6241 
17.5 -79.6633 
17.55 -79.7021 
17.6 -79.7406 
17.65 -79.7786 
17.7 -79.8164 
17.75 -79.8537 
17.8 -79.8908 
17.85 -79.9275 
17.9 -79.964 
17.95 -80.0002 
18 -80.0361 
18.05 -80.0717 
18.1 -80.1071 
18.15 -80.1422 
18.2 -80.1771 
18.25 -80.2117 
18.3 -80.2462 
18.35 -80.2804 
18.4 -80.3144 
18.45 -80.3482 
18.5 -80.3818 
18.55 -80.4152 
18.6 -80.4483 
18.65 -80.4814 
18.7 -80.5142 
18.75 -80.5468 
18.8 -80.5793 
18.85 -80.6116 
18.9 -80.6437 
18.95 -80.6756 
19 -80.7074 
19.05 -80.739 
19.1 -80.7705 
19.15 -80.8018 
19.2 -80.8329 
19.25 -80.8639 
19.3 -80.8947 
19.35 -65.7643 
19.4 -42.5239 
19.45 -2.36736 
19.5 21.3856 
19.55 15.8864 
19.6 5.84584 
19.65 -5.30063 
19.7 -16.1457 
19.75 -25.3899 
19.8 -32.7985 
19.85 -38.5435 
19.9 -42.9131 
19.95 -46.248 
20 -48.8504 
20.05 -50.9492 
20.1 -52.7046 
20.15 -54.2242 
20.2 -55.5791 
20.25 -56.8167 
20.3 -57.9686 
20.35 -59.0555 
20.4 -60.0908 
20.45 -61.0828 
20.5 -62.0359 
20.55 -62.952 
20.6 -63.8316 
20.65 -64.674 
20.7 -65.4784 
20.75 -66.244 
20.8 -66.9702 
20.85 -67.6572 
20.9 -68.3053 
20.95 -68.9155 
21 -69.4891 
21.05 -70.0278 
21.1 -70.5332 
21.15 -71.0072 
21.2 -71.4518 
21.25 -71.8688 
21.3 -72.26 
21.35 -72.6271 
21.4 -72.9719 
21.45 -73.2958 
21.5 -73.6004 
21.55 -73.8868 
21.6 -74.1565 
21.65 -74.4105 
21.7 -74.65 
21.75 -74.8758 
21.8 -75.0891 
21.85 -75.2905 
21.9 -75.481 
21.95 -75.6612 
22 -75.8319 
22.05 -75.9937 
22.1 -76.1472 
22.15 -76.2929 
22.2 -76.4314 
22.25 -76.5631 
22.3 -76.6885 
22.35 -76.8081 
22.4 -76.9221 
22.45 -77.0311 
22.5 -77.1352 
22.55 -77.2349 
22.6 -77.3304 
22.65 -77.422 
22.7 -77.51 
22.75 -77.5945 
22.8 -77.6759 
22.85 -77.7543 
22.9 -77.83 
22.95 -77.903 
23 -77.9736 
23.05 -78.042 
23.1 -78.1083 
23.15 -78.1725 
23.2 -78.235 
23.25 -78.2956 
23.3 -78.3547 
23.35 -78.4123 
23.4 -78.4684 
23.45 -78.5233 
23.5 -78.5768 
23.55 -78.6292 
23.6 -78.6806 
23.65 -78.7309 
23.7 -78.7802 
23.75 -78.8286 
23.8 -78.8762 
23.85 -78.923 
23.9 -78.9691 
23.95 -79.0144 
24 -79.0591 
24.05 -79.1032 
24.1 -79.1466 
24.15 -79.1895 
24.2 -79.2319 
24.25 -79.2738 
24.3 -79.3153 
24.35 -79.3562 
24.4 -79.3968 
24.45 -79.4369 
24.5 -79.4767 
24.55 -79.5161 
24.6 -79.5552 
24.65 -79.5939 
24.7 -79.6323 
24.75 -79.6704 
24.8 -79.7082 
24.85 -79.7458 
24.9 -79.783 
24.95 -79.8201 
25 -79.8568 
25.05 -79.8933 
25.1 -79.9296 
25.15 -79.9657 
25.2 -80.0015 
25.25 -80.0371 
25.3 -80.0725 
25.35 -80.1077 
25.4 -80.1428 
25.45 -80.1776 
25.5 -80.2122 
25.55 -80.2466 
25.6 -80.2809 
25.65 -80.315 
25.7 -80.3489 
25.75 -80.3826 
25.8 -80.4162 
25.85 -80.4496 
25.9 -80.4828 
25.95 -80.5159 
26 -80.5488 
26.05 -80.5815 
26.1 -80.6141 
26.15 -80.6466 
26.2 -80.6789 
26.25 -80.711 
26.3 -80.743 
26.35 -80.7748 
26.4 -80.8065 
26.45 -80.838 
26.5 -66.0788 
26.55 -43.2575 
26.6 -4.64747 
26.65 20.7683 
26.7 15.0158 
26.75 5.12226 
26.8 -6.02101 
26.85 -16.9092 
26.9 -26.1396 
26.95 -33.5461 
27 -39.287 
27.05 -43.6581 
27.1 -47.008 
27.15 -49.6361 
27.2 -51.7689 
27.25 -53.5637 
27.3 -55.1251 
27.35 -56.5222 
27.4 -57.8003 
27.45 -58.989 
27.5 -60.1076 
27.55 -61.168 
27.6 -62.1774 
27.65 -63.1395 
27.7 -64.0561 
27.75 -64.928 
27.8 -65.7553 
27.85 -66.5383 
27.9 -67.2773 
27.95 -67.9732 
28 -68.6273 
28.05 -69.241 
28.1 -69.8161 
28.15 -70.3548 
28.2 -70.8591 
28.25 -71.3311 
28.3 -71.773 
28.35 -72.1867 
28.4 -72.5743 
28.45 -72.9375 
28.5 -73.2781 
28.55 -73.5976 
28.6 -73.8976 
28.65 -74.1795 
28.7 -74.4446 
28.75 -74.6939 
28.8 -74.9288 
28.85 -75.15 
28.9 -75.3587 
28.95 -75.5556 
29 -75.7417 
29.05 -75.9175 
29.1 -76.0839 
29.15 -76.2416 
29.2 -76.391 
29.25 -76.5327 
29.3 -76.6673 
29.35 -76.7953 
29.4 -76.9172 
29.45 -77.0332 
29.5 -77.1439 
29.55 -77.2495 
29.6 -77.3505 
29.65 -77.4472 
29.7 -77.5397 
29.75 -77.6285 
29.8 -77.7138 
29.85 -77.7957 
29.9 -77.8746 
29.95 -77.9506 
30 -78.024 
30.05 -78.0948 
30.1 -78.1634 
30.15 -78.2297 
30.2 -78.294 
30.25 -78.3564 
30.3 -78.4171 
30.35 -78.4761 
30.4 -78.5336 
30.45 -78.5896 
30.5 -78.6442 
30.55 -78.6976 
30.6 -78.7498 
30.65 -78.801 
30.7 -78.851 
30.75 -78.9001 
30.8 -78.9484 
30.85 -78.9957 
30.9 -79.0423 
30.95 -79.0881 
31 -79.1331 
31.05 -79.1776 
31.1 -79.2214 
31.15 -79.2646 
31.2 -79.3073 
31.25 -79.3494 
31.3 -79.3911 
31.35 -79.4322 
31.4 -79.473 
31.45 -79.5133 
31.5 -79.5532 
31.55 -79.5927 
31.6 -79.6319 
31.65 -79.6708 
31.7 -79.7093 
31.75 -79.7475 
31.8 -79.7854 
31.85 -79.823 
31.9 -79.8603 
31.95 -79.8974 
32 -79.9342 
32.05 -79.9708 
32.1 -80.0071 
32.15 -80.0432 
32.2 -80.0791 
32.25 -80.1147 
32.3 -80.1502 
32.35 -80.1854 
32.4 -80.2205 
32.45 -80.2553 
32.5 -80.29 
32.55 -80.3245 
32.6 -80.3587 
32.65 -80.3929 
32.7 -80.4268 
32.75 -80.4606 
32.8 -80.4942 
32.85 -80.5276 
32.9 -80.5608 
32.95 -80.5939 
33 -80.6269 
33.05 -80.6597 
33.1 -80.6923 
33.15 -80.7248 
33.2 -80.7571 
33.25 -80.7892 
33.3 -80.8212 
33.35 -80.8531 
33.4 -80.8848 
33.45 -80.9164 
33.5 -80.9478 
33.55 -80.9791 
33.6 -81.0102 
33.65 -66.4251 
33.7 -43.8031 
33.75 -6.09107 
33.8 20.6512 
33.85 14.783 
33.9 5.05371 
33.95 -6.10563 
34 -17.0455 
34.05 -26.3128 
34.1 -33.7708 
34.15 -39.5536 
34.2 -43.9627 
34.25 -47.3492 
34.3 -50.013 
34.35 -52.1813 
34.4 -54.0113 
34.45 -55.6068 
34.5 -57.0363 
34.55 -58.3442 
34.6 -59.5595 
34.65 -60.7006 
34.7 -61.7789 
34.75 -62.8009 
34.8 -63.7706 
34.85 -64.6898 
34.9 -65.5597 
34.95 -66.381 
35 -67.1548 
35.05 -67.8821 
35.1 -68.5645 
35.15 -69.2038 
35.2 -69.8021 
35.25 -70.3617 
35.3 -70.8848 
35.35 -71.3738 
35.4 -71.831 
35.45 -72.2586 
35.5 -72.6586 
35.55 -73.033 
35.6 -73.3837 
35.65 -73.7124 
35.7 -74.0206 
35.75 -74.3098 
35.8 -74.5815 
35.85 -74.8368 
35.9 -75.077 
35.95 -75.303 
36 -75.516 
36.05 -75.7167 
36.1 -75.9062 
36.15 -76.0851 
36.2 -76.2542 
36.25 -76.4142 
36.3 -76.5657 
36.35 -76.7093 
36.4 -76.8456 
36.45 -76.975 
36.5 -77.098 
36.55 -77.2151 
36.6 -77.3267 
36.65 -77.4331 
36.7 -77.5347 
36.75 -77.6318 
36.8 -77.7248 
36.85 -77.8139 
36.9 -77.8994 
36.95 -77.9815 
37 -78.0605 
37.05 -78.1365 
37.1 -78.2098 
37.15 -78.2806 
37.2 -78.349 
37.25 -78.4152 
37.3 -78.4793 
37.35 -78.5415 
37.4 -78.6018 
37.45 -78.6605 
37.5 -78.7177 
37.55 -78.7733 
37.6 -78.8277 
37.65 -78.8807 
37.7 -78.9325 
37.75 -78.9832 
37.8 -79.0329 
37.85 -79.0816 
37.9 -79.1293 
37.95 -79.1762 
38 -79.2223 
38.05 -79.2677 
38.1 -79.3123 
38.15 -79.3563 
38.2 -79.3996 
38.25 -79.4424 
38.3 -79.4845 
38.35 -79.5262 
38.4 -79.5674 
38.45 -79.6081 
38.5 -79.6483 
38.55 -79.6882 
38.6 -79.7276 
38.65 -79.7667 
38.7 -79.8053 
38.75 -79.8437 
38.8 -79.8817 
38.85 -79.9194 
38.9 -79.9569 
38.95 -79.994 
39 -80.0308 
39.05 -80.0674 
39.1 -80.1038 
39.15 -80.1398 
39.2 -80.1757 
39.25 -80.2113 
39.3 -80.2467 
39.35 -80.2819 
39.4 -80.3169 
39.45 -80.3517 
39.5 -80.3862 
39.55 -80.4206 
39.6 -80.4548 
39.65 -80.4888 
39.7 -80.5226 
39.75 -80.5563 
39.8 -80.5898 
39.85 -80.6231 
39.9 -80.6562 
39.95 -80.6892 
40 -80.722 
40.05 -80.7546 
40.1 -80.7871 
40.15 -80.8194 
40.2 -80.8516 
40.25 -80.8836 
40.3 -80.9155 
40.35 -80.9472 
40.4 -80.9788 
40.45 -81.0102 
40.5 -81.0415 
40.55 -81.0726 
40.6 -81.1036 
40.65 -81.1344 
40.7 -81.1651 
40.75 -81.1957 
40.8 -66.6945 
40.85 -44.1708 
40.9 -6.99115 
40.95 20.6827 
41 14.7612 
41.05 5.1612 
41.1 -6.01721 
41.15 -16.9971 
41.2 -26.3049 
41.25 -33.8138 
41.3 -39.6391 
41.35 -44.0858 
41.4 -47.5053 
41.45 -50.1984 
41.5 -52.394 
41.55 -54.2494 
41.6 -55.8689 
41.65 -57.3207 
41.7 -58.649 
41.75 -59.8823 
41.8 -61.0386 
41.85 -62.1291 
41.9 -63.1603 
41.95 -64.136 
42 -65.0583 
42.05 -65.9287 
42.1 -66.7483 
42.15 -67.5184 
42.2 -68.2408 
42.25 -68.9173 
42.3 -69.55 
42.35 -70.1414 
42.4 -70.6938 
42.45 -71.2098 
42.5 -71.6917 
42.55 -72.142 
42.6 -72.5629 
42.65 -72.9565 
42.7 -73.3247 
42.75 -73.6695 
42.8 -73.9925 
42.85 -74.2954 
42.9 -74.5795 
42.95 -74.8463 
43 -75.0969 
43.05 -75.3326 
43.1 -75.5544 
43.15 -75.7634 
43.2 -75.9603 
43.25 -76.1461 
43.3 -76.3215 
43.35 -76.4873 
43.4 -76.6441 
43.45 -76.7926 
43.5 -76.9333 
43.55 -77.0668 
43.6 -77.1936 
43.65 -77.3141 
43.7 -77.4288 
43.75 -77.5381 
43.8 -77.6423 
43.85 -77.7419 
43.9 -77.8371 
43.95 -77.9281 
44 -78.0154 
44.05 -78.0992 
44.1 -78.1796 
44.15 -78.257 
44.2 -78.3315 
44.25 -78.4034 
44.3 -78.4727 
44.35 -78.5398 
44.4 -78.6047 
44.45 -78.6675 
44.5 -78.7285 
44.55 -78.7878 
44.6 -78.8454 
44.65 -78.9014 
44.7 -78.9561 
44.75 -79.0094 
44.8 -79.0614 
44.85 -79.1123 
44.9 -79.1621 
44.95 -79.2109 
45 -79.2587 
45.05 -79.3057 
45.1 -79.3518 
45.15 -79.3971 
45.2 -79.4416 
45.25 -79.4855 
45.3 -79.5288 
45.35 -79.5714 
45.4 -79.6134 
45.45 -79.6549 
45.5 -79.6959 
45.55 -79.7364 
45.6 -79.7764 
45.65 -79.816 
45.7 -79.8552 
45.75 -79.8941 
45.8 -79.9325 
45.85 -79.9706 
45.9 -80.0083 
45.95 -80.0458 
46 -80.0829 
46.05 -80.1197 
46.1 -80.1563 
46.15 -80.1926 
46.2 -80.2286 
46.25 -80.2644 
46.3 -80.2999 
46.35 -80.3352 
46.4 -80.3703 
46.45 -80.4051 
46.5 -80.4398 
46.55 -80.4742 
46.6 -80.5084 
46.65 -80.5425 
46.7 -80.5763 
46.75 -80.61 
46.8 -80.6435 
46.85 -80.6768 
46.9 -80.7099 
46.95 -80.7429 
47 -80.7757 
47.05 -80.8083 
47.1 -80.8408 
47.15 -80.8731 
47.2 -80.9052 
47.25 -80.9372 
47.3 -80.969 
47.35 -81.0007 
47.4 -81.0323 
47.45 -81.0636 
47.5 -81.0949 
47.55 -81.1259 
47.6 -81.1569 
47.65 -81.1877 
47.7 -81.2183 
47.75 -81.2488 
47.8 -81.2792 
47.85 -81.3094 
47.9 -81.3395 
47.95 -66.8792 
48 -44.4044 
48.05 -7.53855 
48.1 20.7423 
48.15 14.7968 
48.2 5.28597 
48.25 -5.90729 
48.3 -16.9143 
48.35 -26.2534 
48.4 -33.8003 
48.45 -39.6578 
48.5 -44.1328 
48.55 -47.5763 
48.6 -50.29 
48.65 -52.5041 
48.7 -54.3764 
48.75 -56.0115 
48.8 -57.4777 
48.85 -58.8191 
48.9 -60.0639 
48.95 -61.2301 
49 -62.3287 
49.05 -63.3662 
49.1 -64.3463 
49.15 -65.2713 
49.2 -66.1429 
49.25 -66.9623 
49.3 -67.7314 
49.35 -68.4518 
49.4 -69.1258 
49.45 -69.7556 
49.5 -70.3438 
49.55 -70.893 
49.6 -71.4056 
49.65 -71.8842 
49.7 -72.3313 
49.75 -72.749 
49.8 -73.1395 
49.85 -73.5048 
49.9 -73.8467 
49.95 -74.167 
50 -74.4672 
