0 -80 
0.05 -80.0859 
0.1 -80.1312 
0.15 -80.1647 
0.2 -80.1923 
0.25 -80.216 
0.3 -80.237 
0.35 -80.2561 
0.4 -80.2737 
0.45 -80.2903 
0.5 -80.306 
0.55 -80.3209 
0.6 -80.3352 
0.65 -80.349 
0.7 -80.3622 
0.75 -80.375 
0.8 -80.3873 
0.85 -80.3992 
0.9 -80.4107 
0.95 -80.4218 
1 -80.4326 
1.05 -80.443 
1.1 -80.453 
1.15 -80.4628 
1.2 -80.4722 
1.25 -80.4814 
1.3 -80.4902 
1.35 -80.4988 
1.4 -80.5071 
1.45 -80.5152 
1.5 -80.523 
1.55 -80.5306 
1.6 -80.538 
1.65 -80.5451 
1.7 -80.5521 
1.75 -80.5588 
1.8 -80.5654 
1.85 -80.5717 
1.9 -80.5779 
1.95 -80.5839 
2 -80.5898 
2.05 -80.5955 
2.1 -80.601 
2.15 -80.6064 
2.2 -80.6117 
2.25 -80.6168 
2.3 -80.6218 
2.35 -80.6267 
2.4 -80.6314 
2.45 -80.6361 
2.5 -80.6406 
2.55 -80.645 
2.6 -80.6493 
2.65 -80.6536 
2.7 -80.6577 
2.75 -80.6617 
2.8 -80.6657 
2.85 -80.6696 
2.9 -80.6733 
2.95 -80.677 
3 -80.6807 
3.05 -80.6842 
3.1 -80.6877 
3.15 -80.6912 
3.2 -80.6945 
3.25 -80.6978 
3.3 -80.7011 
3.35 -80.7043 
3.4 -80.7074 
3.45 -80.7105 
3.5 -80.7135 
3.55 -80.7165 
3.6 -80.7194 
3.65 -80.7223 
3.7 -80.7251 
3.75 -80.7279 
3.8 -80.7307 
3.85 -80.7334 
3.9 -80.7361 
3.95 -80.7387 
4 -80.7414 
4.05 -80.7439 
4.1 -80.7465 
4.15 -80.749 
4.2 -80.7515 
4.25 -80.7539 
4.3 -80.7563 
4.35 -80.7587 
4.4 -80.7611 
4.45 -80.7634 
4.5 -80.7657 
4.55 -80.768 
4.6 -80.7703 
4.65 -80.7725 
4.7 -80.7747 
4.75 -80.7769 
4.8 -80.7791 
4.85 -80.7813 
4.9 -80.7834 
4.95 -80.7855 
5 -80.7876 
5.05 -78.6358 
5.1 -77.155 
5.15 -75.7931 
5.2 -74.2143 
5.25 -74.0113 
5.3 -73.6804 
5.35 -73.3639 
5.4 -73.0685 
5.45 -72.7808 
5.5 -72.4867 
5.55 -72.1706 
5.6 -71.8112 
5.65 -71.3772 
5.7 -70.8156 
5.75 -70.0275 
5.8 -68.8019 
5.85 -66.599 
5.9 -61.6605 
5.95 -47.6091 
6 -16.0936 
6.05 16.3373 
6.1 16.2181 
6.15 8.67456 
6.2 -0.929737 
6.25 -10.5777 
6.3 -19.2337 
6.35 -26.4695 
6.4 -32.261 
6.45 -36.7738 
6.5 -40.2477 
6.55 -42.9303 
6.6 -45.0372 
6.65 -46.735 
6.7 -48.1445 
6.75 -49.3501 
6.8 -50.4104 
6.85 -51.3662 
6.9 -52.2466 
6.95 -53.0725 
7 -53.8596 
7.05 -54.6199 
7.1 -55.3626 
7.15 -56.0949 
7.2 -56.8228 
7.25 -57.5509 
7.3 -58.2826 
7.35 -59.0203 
7.4 -59.7654 
7.45 -60.5179 
7.5 -61.2769 
7.55 -62.0402 
7.6 -62.8045 
7.65 -63.5657 
7.7 -64.3192 
7.75 -65.06 
7.8 -65.7833 
7.85 -66.4851 
7.9 -67.1616 
7.95 -67.8104 
8 -68.4296 
8.05 -69.0183 
8.1 -69.5765 
8.15 -70.1046 
8.2 -70.6035 
8.25 -71.0742 
8.3 -71.5183 
8.35 -71.937 
8.4 -72.332 
8.45 -72.7046 
8.5 -73.0561 
8.55 -73.388 
8.6 -73.7014 
8.65 -73.9976 
8.7 -74.2775 
8.75 -74.5422 
8.8 -74.7927 
8.85 -75.0297 
8.9 -75.2541 
8.95 -75.4668 
9 -75.6683 
9.05 -75.8593 
9.1 -76.0405 
9.15 -76.2124 
9.2 -76.3756 
9.25 -76.5306 
9.3 -76.6779 
9.35 -76.8179 
9.4 -76.9511 
9.45 -77.0778 
9.5 -77.1985 
9.55 -77.3134 
9.6 -77.423 
9.65 -77.5274 
9.7 -77.6271 
9.75 -77.7223 
9.8 -77.8133 
9.85 -77.9003 
9.9 -77.9834 
9.95 -78.0631 
10 -78.1394 
10.05 -78.2126 
10.1 -78.2828 
10.15 -78.3502 
10.2 -78.4149 
10.25 -78.4772 
10.3 -78.5372 
10.35 -78.5949 
10.4 -78.6506 
10.45 -78.7043 
10.5 -78.7562 
10.55 -78.8063 
10.6 -78.8548 
10.65 -78.9017 
10.7 -78.9472 
10.75 -78.9913 
10.8 -79.0341 
10.85 -79.0756 
10.9 -79.116 
10.95 -79.1554 
11 -79.1937 
11.05 -79.231 
11.1 -79.2674 
11.15 -79.3029 
11.2 -79.3376 
11.25 -79.3715 
11.3 -79.4047 
11.35 -79.4372 
11.4 -79.469 
11.45 -79.5002 
11.5 -79.5308 
11.55 -79.5609 
11.6 -79.5904 
11.65 -79.6194 
11.7 -79.648 
11.75 -79.676 
11.8 -79.7037 
11.85 -79.7309 
11.9 -79.7578 
11.95 -79.7842 
12 -79.8103 
12.05 -79.8361 
12.1 -79.8615 
12.15 -79.8867 
12.2 -79.9115 
12.25 -79.9361 
12.3 -79.9603 
12.35 -79.9844 
12.4 -80.0081 
12.45 -80.0316 
12.5 -80.0549 
12.55 -80.078 
12.6 -80.1008 
12.65 -80.1235 
12.7 -80.1459 
12.75 -80.1681 
12.8 -80.1902 
12.85 -80.2121 
12.9 -80.2337 
12.95 -80.2553 
13 -80.2766 
13.05 -80.2978 
13.1 -80.3188 
13.15 -80.3397 
13.2 -80.3604 
13.25 -80.381 
13.3 -80.4014 
13.35 -80.4217 
13.4 -78.5125 
13.45 -77.314 
13.5 -76.3169 
13.55 -75.3057 
13.6 -75.9955 
13.65 -76.6373 
13.7 -77.2681 
13.75 -77.82 
13.8 -78.2627 
13.85 -78.6043 
13.9 -78.867 
13.95 -79.0726 
14 -79.2382 
14.05 -79.3759 
14.1 -79.494 
14.15 -79.5981 
14.2 -79.6917 
14.25 -79.7773 
14.3 -79.8565 
14.35 -79.9304 
14.4 -79.9997 
14.45 -80.0652 
14.5 -80.127 
14.55 -80.1857 
14.6 -80.2414 
14.65 -80.2945 
14.7 -80.345 
14.75 -80.3932 
14.8 -80.4392 
14.85 -80.4832 
14.9 -80.5253 
14.95 -80.5657 
15 -80.6044 
15.05 -80.6415 
15.1 -80.6772 
15.15 -80.7116 
15.2 -80.7447 
15.25 -80.7766 
15.3 -80.8074 
15.35 -80.8371 
15.4 -80.8659 
15.45 -80.8937 
15.5 -80.9207 
15.55 -80.9468 
15.6 -80.9722 
15.65 -80.9969 
15.7 -81.0209 
15.75 -81.0443 
15.8 -81.0671 
15.85 -81.0894 
15.9 -81.1111 
15.95 -81.1323 
16 -81.153 
16.05 -81.1733 
16.1 -81.1932 
16.15 -81.2126 
16.2 -81.2317 
16.25 -81.2505 
16.3 -81.2689 
16.35 -81.287 
16.4 -81.3048 
16.45 -81.3223 
16.5 -81.3395 
16.55 -81.3565 
16.6 -81.3733 
16.65 -81.3898 
16.7 -81.4061 
16.75 -81.4221 
16.8 -81.438 
16.85 -81.4537 
16.9 -81.4691 
16.95 -81.4845 
17 -81.4996 
17.05 -81.5146 
17.1 -81.5294 
17.15 -81.5441 
17.2 -81.5586 
17.25 -81.573 
17.3 -81.5872 
17.35 -81.6013 
17.4 -81.6153 
17.45 -81.6292 
17.5 -81.6429 
17.55 -81.6566 
17.6 -81.6701 
17.65 -81.6835 
17.7 -81.6968 
17.75 -81.71 
17.8 -81.7231 
17.85 -81.7362 
17.9 -81.7491 
17.95 -81.7619 
18 -81.7746 
18.05 -81.7873 
18.1 -81.7998 
18.15 -81.8123 
18.2 -81.8247 
18.25 -81.837 
18.3 -81.8493 
18.35 -81.8614 
18.4 -81.8735 
18.45 -81.8855 
18.5 -81.8974 
18.55 -81.9092 
18.6 -81.921 
18.65 -81.9327 
18.7 -81.9444 
18.75 -81.9559 
18.8 -81.9674 
18.85 -81.9788 
18.9 -81.9902 
18.95 -82.0015 
19 -82.0127 
19.05 -82.0239 
19.1 -82.035 
19.15 -82.046 
19.2 -82.057 
19.25 -82.0679 
19.3 -82.0787 
19.35 -82.0895 
19.4 -82.1002 
19.45 -82.1109 
19.5 -82.1215 
19.55 -82.132 
19.6 -82.1425 
19.65 -82.1529 
19.7 -82.1633 
19.75 -82.1736 
19.8 -82.1838 
19.85 -82.194 
19.9 -82.2042 
19.95 -82.2143 
20 -82.2243 
20.05 -82.2343 
20.1 -82.2442 
20.15 -82.254 
20.2 -82.2638 
20.25 -82.2736 
20.3 -82.2833 
20.35 -82.2929 
20.4 -82.3025 
20.45 -82.3121 
20.5 -82.3216 
20.55 -82.331 
20.6 -82.3404 
20.65 -82.3497 
20.7 -82.359 
20.75 -82.3683 
20.8 -82.3774 
20.85 -82.3866 
20.9 -82.3957 
20.95 -82.4047 
21 -82.4137 
21.05 -82.4226 
21.1 -82.4315 
21.15 -82.4403 
21.2 -82.4491 
21.25 -82.4579 
21.3 -82.4666 
21.35 -82.4752 
21.4 -82.4838 
21.45 -82.4924 
21.5 -82.5009 
21.55 -82.5093 
21.6 -82.5178 
21.65 -82.5261 
21.7 -82.5345 
21.75 -80.5412 
21.8 -79.3285 
21.85 -78.3854 
21.9 -77.5033 
21.95 -78.5378 
22 -79.3477 
22.05 -79.9816 
22.1 -80.4501 
22.15 -80.7867 
22.2 -81.0301 
22.25 -81.2113 
22.3 -81.3515 
22.35 -81.4646 
22.4 -81.5596 
22.45 -81.642 
22.5 -81.7154 
22.55 -81.7819 
22.6 -81.843 
22.65 -81.8997 
22.7 -81.9526 
22.75 -82.0021 
22.8 -82.0487 
22.85 -82.0925 
22.9 -82.1339 
22.95 -82.173 
23 -82.2099 
23.05 -82.2449 
23.1 -82.278 
23.15 -82.3094 
23.2 -82.3391 
23.25 -82.3674 
23.3 -82.3943 
23.35 -82.4198 
23.4 -82.4442 
23.45 -82.4673 
23.5 -82.4894 
23.55 -82.5105 
23.6 -82.5307 
23.65 -82.55 
23.7 -82.5684 
23.75 -82.5861 
23.8 -82.603 
23.85 -82.6193 
23.9 -82.6349 
23.95 -82.65 
24 -82.6644 
24.05 -82.6784 
24.1 -82.6918 
24.15 -82.7048 
24.2 -82.7174 
24.25 -82.7295 
24.3 -82.7413 
24.35 -82.7527 
24.4 -82.7637 
24.45 -82.7745 
24.5 -82.7849 
24.55 -82.7951 
24.6 -82.805 
24.65 -82.8146 
24.7 -82.824 
24.75 -82.8331 
24.8 -82.8421 
24.85 -82.8509 
24.9 -82.8594 
24.95 -82.8678 
25 -82.876 
25.05 -82.8841 
25.1 -82.892 
25.15 -82.8997 
25.2 -82.9073 
25.25 -82.9148 
25.3 -82.9222 
25.35 -82.9294 
25.4 -82.9365 
25.45 -82.9436 
25.5 -82.9505 
25.55 -82.9573 
25.6 -82.964 
25.65 -82.9707 
25.7 -82.9772 
25.75 -82.9837 
25.8 -82.9901 
25.85 -82.9964 
25.9 -83.0026 
25.95 -83.0088 
26 -83.0149 
26.05 -83.0209 
26.1 -83.0269 
26.15 -83.0328 
26.2 -83.0386 
26.25 -83.0444 
26.3 -83.0501 
26.35 -83.0558 
26.4 -83.0614 
26.45 -83.067 
26.5 -83.0725 
26.55 -83.078 
26.6 -83.0835 
26.65 -83.0888 
26.7 -83.0942 
26.75 -83.0995 
26.8 -83.1047 
26.85 -83.11 
26.9 -83.1151 
26.95 -83.1203 
27 -83.1253 
27.05 -83.1304 
27.1 -83.1354 
27.15 -83.1404 
27.2 -83.1453 
27.25 -83.1502 
27.3 -83.1551 
27.35 -83.16 
27.4 -83.1648 
27.45 -83.1695 
27.5 -83.1743 
27.55 -83.179 
27.6 -83.1836 
27.65 -83.1883 
27.7 -83.1929 
27.75 -83.1974 
27.8 -83.202 
27.85 -83.2065 
27.9 -83.211 
27.95 -83.2154 
28 -83.2199 
28.05 -83.2242 
28.1 -83.2286 
28.15 -83.2329 
28.2 -83.2372 
28.25 -83.2415 
28.3 -83.2458 
28.35 -83.25 
28.4 -83.2542 
28.45 -83.2583 
28.5 -83.2625 
28.55 -83.2666 
28.6 -83.2707 
28.65 -83.2747 
28.7 -83.2788 
28.75 -83.2828 
28.8 -83.2867 
28.85 -83.2907 
28.9 -83.2946 
28.95 -83.2985 
29 -83.3024 
29.05 -83.3062 
29.1 -83.3101 
29.15 -83.3138 
29.2 -83.3176 
29.25 -83.3214 
29.3 -83.3251 
29.35 -83.3288 
29.4 -83.3325 
29.45 -83.3361 
29.5 -83.3397 
29.55 -83.3433 
29.6 -83.3469 
29.65 -83.3505 
29.7 -83.354 
29.75 -83.3575 
29.8 -83.361 
29.85 -83.3644 
29.9 -83.3679 
29.95 -83.3713 
30 -83.3747 
30.05 -81.3212 
30.1 -80.0724 
30.15 -79.1148 
30.2 -78.2349 
30.25 -79.3497 
30.3 -80.1906 
30.35 -80.8209 
30.4 -81.2733 
30.45 -81.5924 
30.5 -81.8208 
30.55 -81.9896 
30.6 -82.1197 
30.65 -82.2245 
30.7 -82.3124 
30.75 -82.3886 
30.8 -82.4563 
30.85 -82.5176 
30.9 -82.5739 
30.95 -82.6259 
31 -82.6742 
31.05 -82.7194 
31.1 -82.7617 
31.15 -82.8013 
31.2 -82.8386 
31.25 -82.8736 
31.3 -82.9065 
31.35 -82.9375 
31.4 -82.9667 
31.45 -82.9942 
31.5 -83.0202 
31.55 -83.0446 
31.6 -83.0677 
31.65 -83.0895 
31.7 -83.1101 
31.75 -83.1296 
31.8 -83.148 
31.85 -83.1654 
31.9 -83.1819 
31.95 -83.1975 
32 -83.2124 
32.05 -83.2264 
32.1 -83.2397 
32.15 -83.2524 
32.2 -83.2644 
32.25 -83.2759 
32.3 -83.2868 
32.35 -83.2972 
32.4 -83.307 
32.45 -83.3165 
32.5 -83.3255 
32.55 -83.3341 
32.6 -83.3423 
32.65 -83.3502 
32.7 -83.3577 
32.75 -83.3649 
32.8 -83.3718 
32.85 -83.3785 
32.9 -83.3848 
32.95 -83.391 
33 -83.3969 
33.05 -83.4026 
33.1 -83.408 
33.15 -83.4133 
33.2 -83.4184 
33.25 -83.4234 
33.3 -83.4281 
33.35 -83.4327 
33.4 -83.4372 
33.45 -83.4415 
33.5 -83.4457 
33.55 -83.4498 
33.6 -83.4537 
33.65 -83.4576 
33.7 -83.4613 
33.75 -83.465 
33.8 -83.4685 
33.85 -83.472 
33.9 -83.4754 
33.95 -83.4786 
34 -83.4819 
34.05 -83.485 
34.1 -83.4881 
34.15 -83.4911 
34.2 -83.494 
34.25 -83.4969 
34.3 -83.4997 
34.35 -83.5025 
34.4 -83.5052 
34.45 -83.5079 
34.5 -83.5105 
34.55 -83.513 
34.6 -83.5156 
34.65 -83.518 
34.7 -83.5205 
34.75 -83.5229 
34.8 -83.5252 
34.85 -83.5276 
34.9 -83.5298 
34.95 -83.5321 
35 -83.5343 
35.05 -83.5365 
35.1 -83.5386 
35.15 -83.5408 
35.2 -83.5429 
35.25 -83.5449 
35.3 -83.5469 
35.35 -83.549 
35.4 -83.5509 
35.45 -83.5529 
35.5 -83.5548 
35.55 -83.5567 
35.6 -83.5586 
35.65 -83.5605 
35.7 -83.5623 
35.75 -83.5641 
35.8 -83.5659 
35.85 -83.5677 
35.9 -83.5694 
35.95 -83.5711 
36 -83.5728 
36.05 -83.5745 
36.1 -83.5762 
36.15 -83.5778 
36.2 -83.5794 
36.25 -83.581 
36.3 -83.5826 
36.35 -83.5842 
36.4 -83.5857 
36.45 -83.5873 
36.5 -83.5888 
36.55 -83.5903 
36.6 -83.5918 
36.65 -83.5932 
36.7 -83.5947 
36.75 -83.5961 
36.8 -83.5975 
36.85 -83.5989 
36.9 -83.6003 
36.95 -83.6017 
37 -83.603 
37.05 -83.6043 
37.1 -83.6057 
37.15 -83.607 
37.2 -83.6082 
37.25 -83.6095 
37.3 -83.6108 
37.35 -83.612 
37.4 -83.6132 
37.45 -83.6144 
37.5 -83.6156 
37.55 -83.6168 
37.6 -83.618 
37.65 -83.6191 
37.7 -83.6203 
37.75 -83.6214 
37.8 -83.6225 
37.85 -83.6236 
37.9 -83.6247 
37.95 -83.6258 
38 -83.6268 
38.05 -83.6279 
38.1 -83.6289 
38.15 -83.6299 
38.2 -83.6309 
38.25 -83.6319 
38.3 -83.6329 
38.35 -83.6338 
38.4 -81.5353 
38.45 -80.2482 
38.5 -79.2563 
38.55 -78.3399 
38.6 -79.4498 
38.65 -80.2966 
38.7 -80.9372 
38.75 -81.3994 
38.8 -81.7262 
38.85 -81.9601 
38.9 -82.1328 
38.95 -82.2655 
39 -82.3722 
39.05 -82.4613 
39.1 -82.5382 
39.15 -82.6065 
39.2 -82.6681 
39.25 -82.7245 
39.3 -82.7766 
39.35 -82.8249 
39.4 -82.87 
39.45 -82.9121 
39.5 -82.9516 
39.55 -82.9885 
39.6 -83.0232 
39.65 -83.0558 
39.7 -83.0863 
39.75 -83.1151 
39.8 -83.142 
39.85 -83.1674 
39.9 -83.1912 
39.95 -83.2137 
40 -83.2348 
40.05 -83.2546 
40.1 -83.2733 
40.15 -83.2908 
40.2 -83.3074 
40.25 -83.323 
40.3 -83.3376 
40.35 -83.3515 
40.4 -83.3645 
40.45 -83.3768 
40.5 -83.3884 
40.55 -83.3993 
40.6 -83.4096 
40.65 -83.4193 
40.7 -83.4285 
40.75 -83.4372 
40.8 -83.4454 
40.85 -83.4531 
40.9 -83.4604 
40.95 -83.4673 
41 -83.4739 
41.05 -83.4801 
41.1 -83.4859 
41.15 -83.4915 
41.2 -83.4968 
41.25 -83.5017 
41.3 -83.5065 
41.35 -83.5109 
41.4 -83.5152 
41.45 -83.5192 
41.5 -83.523 
41.55 -83.5267 
41.6 -83.5301 
41.65 -83.5334 
41.7 -83.5365 
41.75 -83.5395 
41.8 -83.5423 
41.85 -83.545 
41.9 -83.5476 
41.95 -83.55 
42 -83.5524 
42.05 -83.5546 
42.1 -83.5567 
42.15 -83.5587 
42.2 -83.5606 
42.25 -83.5625 
42.3 -83.5642 
42.35 -83.5659 
42.4 -83.5675 
42.45 -83.569 
42.5 -83.5705 
42.55 -83.5719 
42.6 -83.5733 
42.65 -83.5745 
42.7 -83.5758 
42.75 -83.577 
42.8 -83.5781 
42.85 -83.5792 
42.9 -83.5802 
42.95 -83.5812 
43 -83.5822 
43.05 -83.5831 
43.1 -83.5839 
43.15 -83.5848 
43.2 -83.5856 
43.25 -83.5864 
43.3 -83.5871 
43.35 -83.5878 
43.4 -83.5885 
43.45 -83.5892 
43.5 -83.5898 
43.55 -83.5904 
43.6 -83.591 
43.65 -83.5915 
43.7 -83.592 
43.75 -83.5926 
43.8 -83.593 
43.85 -83.5935 
43.9 -83.5939 
43.95 -83.5944 
44 -83.5948 
44.05 -83.5952 
44.1 -83.5955 
44.15 -83.5959 
44.2 -83.5962 
44.25 -83.5965 
44.3 -83.5968 
44.35 -83.5971 
44.4 -83.5974 
44.45 -83.5976 
44.5 -83.5979 
44.55 -83.5981 
44.6 -83.5983 
44.65 -83.5985 
44.7 -83.5987 
44.75 -83.5989 
44.8 -83.599 
44.85 -83.5992 
44.9 -83.5993 
44.95 -83.5994 
45 -83.5995 
45.05 -83.5996 
45.1 -83.5997 
45.15 -83.5998 
45.2 -83.5998 
45.25 -83.5999 
45.3 -83.5999 
45.35 -83.6 
45.4 -83.6 
45.45 -83.6 
45.5 -83.6 
45.55 -83.6 
45.6 -83.6 
45.65 -83.5999 
45.7 -83.5999 
45.75 -83.5998 
45.8 -83.5998 
45.85 -83.5997 
45.9 -83.5996 
45.95 -83.5995 
46 -83.5994 
46.05 -83.5993 
46.1 -83.5992 
46.15 -83.5991 
46.2 -83.599 
46.25 -83.5988 
46.3 -83.5987 
46.35 -83.5985 
46.4 -83.5983 
46.45 -83.5982 
46.5 -83.598 
46.55 -83.5978 
46.6 -83.5976 
46.65 -83.5974 
46.7 -83.5972 
46.75 -81.4651 
46.8 -80.1426 
46.85 -79.1102 
46.9 -78.1415 
46.95 -79.2032 
47 -80.0405 
47.05 -80.6956 
47.1 -81.1787 
47.15 -81.5245 
47.2 -81.7734 
47.25 -81.9574 
47.3 -82.0987 
47.35 -82.2118 
47.4 -82.3059 
47.45 -82.3869 
47.5 -82.4585 
47.55 -82.523 
47.6 -82.5819 
47.65 -82.6363 
47.7 -82.6867 
47.75 -82.7337 
47.8 -82.7776 
47.85 -82.8186 
47.9 -82.8571 
47.95 -82.8933 
48 -82.9271 
48.05 -82.959 
48.1 -82.9888 
48.15 -83.0169 
48.2 -83.0432 
48.25 -83.068 
48.3 -83.0912 
48.35 -83.1131 
48.4 -83.1336 
48.45 -83.1529 
48.5 -83.171 
48.55 -83.1881 
48.6 -83.2041 
48.65 -83.2192 
48.7 -83.2333 
48.75 -83.2466 
48.8 -83.2591 
48.85 -83.2709 
48.9 -83.282 
48.95 -83.2924 
49 -83.3021 
49.05 -83.3113 
49.1 -83.32 
49.15 -83.3281 
49.2 -83.3358 
49.25 -83.343 
49.3 -83.3497 
49.35 -83.3561 
49.4 -83.3621 
49.45 -83.3677 
49.5 -83.373 
49.55 -83.3779 
49.6 -83.3826 
49.65 -83.387 
49.7 -83.3911 
49.75 -83.395 
49.8 -83.3986 
49.85 -83.4021 
49.9 -83.4053 
49.95 -83.4083 
50 -83.4111 
