0 -80 
0.05 -80.0859 
0.1 -80.1312 
0.15 -80.1647 
0.2 -80.1923 
0.25 -80.216 
0.3 -80.237 
0.35 -80.2561 
0.4 -80.2737 
0.45 -80.2903 
0.5 -80.306 
0.55 -80.3209 
0.6 -80.3352 
0.65 -80.349 
0.7 -80.3622 
0.75 -80.375 
0.8 -80.3873 
0.85 -80.3992 
0.9 -80.4107 
0.95 -80.4218 
1 -80.4326 
1.05 -80.443 
1.1 -80.453 
1.15 -80.4628 
1.2 -80.4722 
1.25 -80.4814 
1.3 -80.4902 
1.35 -80.4988 
1.4 -80.5071 
1.45 -80.5152 
1.5 -80.523 
1.55 -80.5306 
1.6 -80.538 
1.65 -80.5451 
1.7 -80.5521 
1.75 -80.5588 
1.8 -80.5654 
1.85 -80.5717 
1.9 -80.5779 
1.95 -80.5839 
2 -80.5898 
2.05 -80.5955 
2.1 -80.601 
2.15 -80.6064 
2.2 -80.6117 
2.25 -80.6168 
2.3 -80.6218 
2.35 -80.6267 
2.4 -80.6314 
2.45 -80.6361 
2.5 -80.6406 
2.55 -80.645 
2.6 -80.6493 
2.65 -80.6536 
2.7 -80.6577 
2.75 -80.6617 
2.8 -80.6657 
2.85 -80.6696 
2.9 -80.6733 
2.95 -80.677 
3 -80.6807 
3.05 -80.6842 
3.1 -80.6877 
3.15 -80.6912 
3.2 -80.6945 
3.25 -80.6978 
3.3 -80.7011 
3.35 -80.7043 
3.4 -80.7074 
3.45 -80.7105 
3.5 -80.7135 
3.55 -80.7165 
3.6 -80.7194 
3.65 -80.7223 
3.7 -80.7251 
3.75 -80.7279 
3.8 -80.7307 
3.85 -80.7334 
3.9 -80.7361 
3.95 -80.7387 
4 -80.7414 
4.05 -80.7439 
4.1 -80.7465 
4.15 -80.749 
4.2 -80.7515 
4.25 -80.7539 
4.3 -80.7563 
4.35 -80.7587 
4.4 -80.7611 
4.45 -80.7634 
4.5 -80.7657 
4.55 -80.768 
4.6 -80.7703 
4.65 -80.7725 
4.7 -80.7747 
4.75 -80.7769 
4.8 -80.7791 
4.85 -80.7813 
4.9 -80.7834 
4.95 -80.7855 
5 -80.7876 
5.05 -78.1731 
5.1 -76.3321 
5.15 -74.4664 
5.2 -71.8448 
5.25 -68.7002 
5.3 -59.509 
5.35 -36.4102 
5.4 10.3325 
5.45 22.086 
5.5 18.282 
5.55 9.36568 
5.6 -1.04764 
5.65 -11.0662 
5.7 -19.8019 
5.75 -26.983 
5.8 -32.6648 
5.85 -37.0534 
5.9 -40.4108 
5.95 -42.9954 
6 -45.0244 
6.05 -46.662 
6.1 -48.0252 
6.15 -49.1948 
6.2 -50.2262 
6.25 -51.1583 
6.3 -52.0184 
6.35 -52.8263 
6.4 -53.5967 
6.45 -54.3408 
6.5 -55.0674 
6.55 -55.7834 
6.6 -56.4946 
6.65 -57.2053 
6.7 -57.9192 
6.75 -58.6388 
6.8 -59.3657 
6.85 -60.1004 
6.9 -60.8426 
6.95 -61.5904 
7 -62.3414 
7.05 -63.0918 
7.1 -63.8373 
7.15 -64.5732 
7.2 -65.2947 
7.25 -65.9973 
7.3 -66.677 
7.35 -67.3308 
7.4 -67.9565 
7.45 -68.5525 
7.5 -69.1185 
7.55 -69.6545 
7.6 -70.1612 
7.65 -70.6395 
7.7 -71.0907 
7.75 -71.5162 
7.8 -71.9174 
7.85 -72.2958 
7.9 -72.6527 
7.95 -72.9896 
8 -73.3077 
8.05 -73.6081 
8.1 -73.8921 
8.15 -74.1605 
8.2 -74.4144 
8.25 -74.6548 
8.3 -74.8823 
8.35 -75.0978 
8.4 -75.302 
8.45 -75.4956 
8.5 -75.6792 
8.55 -75.8535 
8.6 -76.0189 
8.65 -76.176 
8.7 -76.3253 
8.75 -76.4672 
8.8 -76.6023 
8.85 -76.7308 
8.9 -76.8531 
8.95 -76.9697 
9 -77.0808 
9.05 -77.1868 
9.1 -77.288 
9.15 -77.3847 
9.2 -77.477 
9.25 -77.5654 
9.3 -77.6499 
9.35 -77.7309 
9.4 -77.8085 
9.45 -77.883 
9.5 -77.9544 
9.55 -78.0231 
9.6 -78.0891 
9.65 -78.1526 
9.7 -78.2137 
9.75 -78.2727 
9.8 -78.3295 
9.85 -78.3844 
9.9 -78.4374 
9.95 -78.4887 
10 -78.5384 
10.05 -78.5865 
10.1 -78.6331 
10.15 -78.6783 
10.2 -78.7223 
10.25 -78.765 
10.3 -78.8066 
10.35 -78.8471 
10.4 -78.8865 
10.45 -78.925 
10.5 -78.9626 
10.55 -78.9993 
10.6 -79.0351 
10.65 -79.0702 
10.7 -79.1046 
10.75 -79.1383 
10.8 -79.1713 
10.85 -79.2037 
10.9 -79.2355 
10.95 -79.2668 
11 -79.2975 
11.05 -79.3277 
11.1 -79.3574 
11.15 -79.3867 
11.2 -79.4156 
11.25 -79.4441 
11.3 -79.4721 
11.35 -79.4998 
11.4 -79.5271 
11.45 -79.5541 
11.5 -79.5808 
11.55 -79.6072 
11.6 -79.6333 
11.65 -79.659 
11.7 -79.6846 
11.75 -79.7098 
11.8 -79.7348 
11.85 -79.7596 
11.9 -79.7841 
11.95 -79.8085 
12 -79.8325 
12.05 -79.8564 
12.1 -79.8801 
12.15 -79.9036 
12.2 -79.9269 
12.25 -79.9501 
12.3 -79.973 
12.35 -79.9958 
12.4 -80.0184 
12.45 -80.0408 
12.5 -80.0631 
12.55 -80.0852 
12.6 -80.1072 
12.65 -80.129 
12.7 -80.1507 
12.75 -80.1723 
12.8 -80.1937 
12.85 -80.2149 
12.9 -80.2361 
12.95 -80.2571 
13 -80.2779 
13.05 -80.2987 
13.1 -80.3193 
13.15 -80.3398 
13.2 -80.3601 
13.25 -80.3804 
13.3 -80.4005 
13.35 -80.4205 
13.4 -78.0952 
13.45 -76.6011 
13.5 -75.2466 
13.55 -73.6486 
13.6 -73.4162 
13.65 -73.0264 
13.7 -72.6237 
13.75 -72.1944 
13.8 -71.6888 
13.85 -71.0207 
13.9 -70.0151 
13.95 -68.2415 
14 -64.3618 
14.05 -53.5861 
14.1 -30.859 
14.15 9.61603 
14.2 13.3747 
14.25 7.70452 
14.3 -2.13074 
14.35 -12.4018 
14.4 -21.5655 
14.45 -29.2144 
14.5 -35.3013 
14.55 -40.0099 
14.6 -43.623 
14.65 -46.4209 
14.7 -48.6379 
14.75 -50.4498 
14.8 -51.9801 
14.85 -53.3135 
14.9 -54.5079 
14.95 -55.6032 
15 -56.6272 
15.05 -57.5994 
15.1 -58.5332 
15.15 -59.4377 
15.2 -60.3188 
15.25 -61.1796 
15.3 -62.0212 
15.35 -62.8432 
15.4 -63.6441 
15.45 -64.4217 
15.5 -65.1736 
15.55 -65.8974 
15.6 -66.591 
15.65 -67.2531 
15.7 -67.8827 
15.75 -68.4795 
15.8 -69.0437 
15.85 -69.576 
15.9 -70.0776 
15.95 -70.5496 
16 -70.9935 
16.05 -71.4109 
16.1 -71.8033 
16.15 -72.1723 
16.2 -72.5192 
16.25 -72.8456 
16.3 -73.1528 
16.35 -73.442 
16.4 -73.7145 
16.45 -73.9712 
16.5 -74.2134 
16.55 -74.4418 
16.6 -74.6575 
16.65 -74.8612 
16.7 -75.0536 
16.75 -75.2357 
16.8 -75.4079 
16.85 -75.571 
16.9 -75.7254 
16.95 -75.8719 
17 -76.0108 
17.05 -76.1427 
17.1 -76.2679 
17.15 -76.387 
17.2 -76.5003 
17.25 -76.6082 
17.3 -76.711 
17.35 -76.809 
17.4 -76.9026 
17.45 -76.992 
17.5 -77.0775 
17.55 -77.1593 
17.6 -77.2377 
17.65 -77.3128 
17.7 -77.385 
17.75 -77.4543 
17.8 -77.521 
17.85 -77.5852 
17.9 -77.6471 
17.95 -77.7068 
18 -77.7644 
18.05 -77.8202 
18.1 -77.8741 
18.15 -77.9264 
18.2 -77.9771 
18.25 -78.0263 
18.3 -78.0741 
18.35 -78.1207 
18.4 -78.166 
18.45 -78.2101 
18.5 -78.2532 
18.55 -78.2953 
18.6 -78.3365 
18.65 -78.3767 
18.7 -78.4162 
18.75 -78.4548 
18.8 -78.4927 
18.85 -78.5299 
18.9 -78.5665 
18.95 -78.6024 
19 -78.6378 
19.05 -78.6726 
19.1 -78.7069 
19.15 -78.7407 
19.2 -78.7741 
19.25 -78.807 
19.3 -78.8395 
19.35 -78.8716 
19.4 -78.9033 
19.45 -78.9347 
19.5 -78.9658 
19.55 -78.9965 
19.6 -79.027 
19.65 -79.0571 
19.7 -79.087 
19.75 -79.1166 
19.8 -79.1459 
19.85 -79.175 
19.9 -79.2039 
19.95 -79.2326 
20 -79.261 
20.05 -79.2893 
20.1 -79.3173 
20.15 -79.3451 
20.2 -79.3728 
20.25 -79.4002 
20.3 -79.4275 
20.35 -79.4546 
20.4 -79.4816 
20.45 -79.5084 
20.5 -79.535 
20.55 -79.5615 
20.6 -79.5878 
20.65 -79.614 
20.7 -79.64 
20.75 -79.6659 
20.8 -79.6916 
20.85 -79.7172 
20.9 -79.7426 
20.95 -79.768 
21 -79.7932 
21.05 -79.8182 
21.1 -79.8431 
21.15 -79.868 
21.2 -79.8926 
21.25 -79.9172 
21.3 -79.9416 
21.35 -79.9659 
21.4 -79.9901 
21.45 -80.0141 
21.5 -80.0381 
21.55 -80.0619 
21.6 -80.0856 
21.65 -80.1092 
21.7 -80.1326 
21.75 -77.9216 
21.8 -76.5358 
21.85 -75.3131 
21.9 -73.93 
21.95 -74.0966 
22 -74.2938 
22.05 -74.7022 
22.1 -75.2946 
22.15 -75.9696 
22.2 -76.619 
22.25 -77.1777 
22.3 -77.6297 
22.35 -77.9876 
22.4 -78.2723 
22.45 -78.5034 
22.5 -78.696 
22.55 -78.8608 
22.6 -79.0054 
22.65 -79.1348 
22.7 -79.2523 
22.75 -79.3604 
22.8 -79.4607 
22.85 -79.5542 
22.9 -79.6418 
22.95 -79.7242 
23 -79.8019 
23.05 -79.8753 
23.1 -79.9448 
23.15 -80.0106 
23.2 -80.0731 
23.25 -80.1324 
23.3 -80.1889 
23.35 -80.2427 
23.4 -80.294 
23.45 -80.343 
23.5 -80.3898 
23.55 -80.4347 
23.6 -80.4776 
23.65 -80.5188 
23.7 -80.5585 
23.75 -80.5965 
23.8 -80.6332 
23.85 -80.6686 
23.9 -80.7027 
23.95 -80.7357 
24 -80.7677 
24.05 -80.7986 
24.1 -80.8286 
24.15 -80.8577 
24.2 -80.886 
24.25 -80.9136 
24.3 -80.9404 
24.35 -80.9665 
24.4 -80.9921 
24.45 -81.017 
24.5 -81.0414 
24.55 -81.0652 
24.6 -81.0886 
24.65 -81.1115 
24.7 -81.134 
24.75 -81.1561 
24.8 -81.1777 
24.85 -81.1991 
24.9 -81.22 
24.95 -81.2407 
25 -81.2611 
25.05 -81.2811 
25.1 -81.3009 
25.15 -81.3204 
25.2 -81.3397 
25.25 -81.3588 
25.3 -81.3776 
25.35 -81.3962 
25.4 -81.4146 
25.45 -81.4328 
25.5 -81.4508 
25.55 -81.4687 
25.6 -81.4863 
25.65 -81.5038 
25.7 -81.5212 
25.75 -81.5384 
25.8 -81.5555 
25.85 -81.5724 
25.9 -81.5891 
25.95 -81.6058 
26 -81.6223 
26.05 -81.6387 
26.1 -81.655 
26.15 -81.6711 
26.2 -81.6871 
26.25 -81.7031 
26.3 -81.7189 
26.35 -81.7346 
26.4 -81.7502 
26.45 -81.7657 
26.5 -81.7812 
26.55 -81.7965 
26.6 -81.8117 
26.65 -81.8268 
26.7 -81.8419 
26.75 -81.8568 
26.8 -81.8717 
26.85 -81.8864 
26.9 -81.9011 
26.95 -81.9157 
27 -81.9303 
27.05 -81.9447 
27.1 -81.9591 
27.15 -81.9733 
27.2 -81.9875 
27.25 -82.0017 
27.3 -82.0157 
27.35 -82.0297 
27.4 -82.0436 
27.45 -82.0574 
27.5 -82.0711 
27.55 -82.0848 
27.6 -82.0984 
27.65 -82.1119 
27.7 -82.1253 
27.75 -82.1387 
27.8 -82.152 
27.85 -82.1653 
27.9 -82.1784 
27.95 -82.1915 
28 -82.2046 
28.05 -82.2175 
28.1 -82.2304 
28.15 -82.2433 
28.2 -82.256 
28.25 -82.2687 
28.3 -82.2813 
28.35 -82.2939 
28.4 -82.3064 
28.45 -82.3188 
28.5 -82.3312 
28.55 -82.3435 
28.6 -82.3557 
28.65 -82.3679 
28.7 -82.38 
28.75 -82.3921 
28.8 -82.4041 
28.85 -82.416 
28.9 -82.4278 
28.95 -82.4396 
29 -82.4514 
29.05 -82.4631 
29.1 -82.4747 
29.15 -82.4862 
29.2 -82.4977 
29.25 -82.5092 
29.3 -82.5206 
29.35 -82.5319 
29.4 -82.5431 
29.45 -82.5543 
29.5 -82.5655 
29.55 -82.5766 
29.6 -82.5876 
29.65 -82.5986 
29.7 -82.6095 
29.75 -82.6204 
29.8 -82.6312 
29.85 -82.6419 
29.9 -82.6526 
29.95 -82.6632 
30 -82.6738 
30.05 -80.3386 
30.1 -78.9364 
30.15 -77.8124 
30.2 -76.6848 
30.25 -77.6175 
30.3 -78.4967 
30.35 -79.3088 
30.4 -79.9608 
30.45 -80.442 
30.5 -80.7892 
30.55 -81.0433 
30.6 -81.2359 
30.65 -81.3879 
30.7 -81.5131 
30.75 -81.6199 
30.8 -81.7139 
30.85 -81.7982 
30.9 -81.8752 
30.95 -81.9461 
31 -82.012 
31.05 -82.0735 
31.1 -82.1311 
31.15 -82.1851 
31.2 -82.2359 
31.25 -82.2838 
31.3 -82.329 
31.35 -82.3716 
31.4 -82.4119 
31.45 -82.45 
31.5 -82.4861 
31.55 -82.5203 
31.6 -82.5528 
31.65 -82.5836 
31.7 -82.6129 
31.75 -82.6407 
31.8 -82.6673 
31.85 -82.6926 
31.9 -82.7167 
31.95 -82.7398 
32 -82.7619 
32.05 -82.783 
32.1 -82.8033 
32.15 -82.8227 
32.2 -82.8414 
32.25 -82.8593 
32.3 -82.8766 
32.35 -82.8933 
32.4 -82.9094 
32.45 -82.9249 
32.5 -82.94 
32.55 -82.9545 
32.6 -82.9686 
32.65 -82.9823 
32.7 -82.9956 
32.75 -83.0085 
32.8 -83.021 
32.85 -83.0333 
32.9 -83.0452 
32.95 -83.0568 
33 -83.0682 
33.05 -83.0793 
33.1 -83.0901 
33.15 -83.1008 
33.2 -83.1112 
33.25 -83.1214 
33.3 -83.1314 
33.35 -83.1412 
33.4 -83.1509 
33.45 -83.1604 
33.5 -83.1698 
33.55 -83.179 
33.6 -83.188 
33.65 -83.1969 
33.7 -83.2057 
33.75 -83.2144 
33.8 -83.223 
33.85 -83.2314 
33.9 -83.2398 
33.95 -83.248 
34 -83.2562 
34.05 -83.2642 
34.1 -83.2722 
34.15 -83.2801 
34.2 -83.2879 
34.25 -83.2956 
34.3 -83.3032 
34.35 -83.3108 
34.4 -83.3183 
34.45 -83.3257 
34.5 -83.3331 
34.55 -83.3404 
34.6 -83.3476 
34.65 -83.3548 
34.7 -83.3619 
34.75 -83.3689 
34.8 -83.3759 
34.85 -83.3829 
34.9 -83.3898 
34.95 -83.3966 
35 -83.4034 
35.05 -83.4101 
35.1 -83.4168 
35.15 -83.4234 
35.2 -83.43 
35.25 -83.4366 
35.3 -83.443 
35.35 -83.4495 
35.4 -83.4559 
35.45 -83.4623 
35.5 -83.4686 
35.55 -83.4748 
35.6 -83.4811 
35.65 -83.4873 
35.7 -83.4934 
35.75 -83.4995 
35.8 -83.5056 
35.85 -83.5116 
35.9 -83.5176 
35.95 -83.5236 
36 -83.5295 
36.05 -83.5353 
36.1 -83.5412 
36.15 -83.547 
36.2 -83.5527 
36.25 -83.5585 
36.3 -83.5642 
36.35 -83.5698 
36.4 -83.5754 
36.45 -83.581 
36.5 -83.5866 
36.55 -83.5921 
36.6 -83.5976 
36.65 -83.603 
36.7 -83.6084 
36.75 -83.6138 
36.8 -83.6191 
36.85 -83.6244 
36.9 -83.6297 
36.95 -83.635 
37 -83.6402 
37.05 -83.6453 
37.1 -83.6505 
37.15 -83.6556 
37.2 -83.6607 
37.25 -83.6657 
37.3 -83.6708 
37.35 -83.6757 
37.4 -83.6807 
37.45 -83.6856 
37.5 -83.6905 
37.55 -83.6954 
37.6 -83.7002 
37.65 -83.705 
37.7 -83.7098 
37.75 -83.7145 
37.8 -83.7192 
37.85 -83.7239 
37.9 -83.7286 
37.95 -83.7332 
38 -83.7378 
38.05 -83.7423 
38.1 -83.7469 
38.15 -83.7514 
38.2 -83.7558 
38.25 -83.7603 
38.3 -83.7647 
38.35 -83.7691 
38.4 -81.3407 
38.45 -79.8842 
38.5 -78.7425 
38.55 -77.6299 
38.6 -78.7235 
38.65 -79.6892 
38.7 -80.5063 
38.75 -81.1226 
38.8 -81.5612 
38.85 -81.872 
38.9 -82.098 
38.95 -82.2692 
39 -82.4048 
39.05 -82.517 
39.1 -82.613 
39.15 -82.6977 
39.2 -82.7739 
39.25 -82.8434 
39.3 -82.9074 
39.35 -82.9667 
39.4 -83.0219 
39.45 -83.0735 
39.5 -83.1217 
39.55 -83.1669 
39.6 -83.2093 
39.65 -83.249 
39.7 -83.2864 
39.75 -83.3215 
39.8 -83.3544 
39.85 -83.3855 
39.9 -83.4147 
39.95 -83.4422 
40 -83.4681 
40.05 -83.4926 
40.1 -83.5157 
40.15 -83.5375 
40.2 -83.558 
40.25 -83.5775 
40.3 -83.5959 
40.35 -83.6133 
40.4 -83.6298 
40.45 -83.6455 
40.5 -83.6603 
40.55 -83.6744 
40.6 -83.6879 
40.65 -83.7006 
40.7 -83.7127 
40.75 -83.7243 
40.8 -83.7353 
40.85 -83.7459 
40.9 -83.7559 
40.95 -83.7655 
41 -83.7747 
41.05 -83.7835 
41.1 -83.792 
41.15 -83.8001 
41.2 -83.8079 
41.25 -83.8154 
41.3 -83.8226 
41.35 -83.8295 
41.4 -83.8362 
41.45 -83.8427 
41.5 -83.8489 
41.55 -83.855 
41.6 -83.8608 
41.65 -83.8664 
41.7 -83.8719 
41.75 -83.8772 
41.8 -83.8824 
41.85 -83.8874 
41.9 -83.8923 
41.95 -83.897 
42 -83.9016 
42.05 -83.9062 
42.1 -83.9106 
42.15 -83.9148 
42.2 -83.919 
42.25 -83.9231 
42.3 -83.9271 
42.35 -83.9311 
42.4 -83.9349 
42.45 -83.9387 
42.5 -83.9424 
42.55 -83.946 
42.6 -83.9495 
42.65 -83.953 
42.7 -83.9564 
42.75 -83.9598 
42.8 -83.9631 
42.85 -83.9664 
42.9 -83.9696 
42.95 -83.9727 
43 -83.9758 
43.05 -83.9789 
43.1 -83.9819 
43.15 -83.9849 
43.2 -83.9878 
43.25 -83.9907 
43.3 -83.9936 
43.35 -83.9964 
43.4 -83.9992 
43.45 -84.0019 
43.5 -84.0046 
43.55 -84.0073 
43.6 -84.0099 
43.65 -84.0125 
43.7 -84.0151 
43.75 -84.0176 
43.8 -84.0202 
43.85 -84.0227 
43.9 -84.0251 
43.95 -84.0275 
44 -84.03 
44.05 -84.0323 
44.1 -84.0347 
44.15 -84.037 
44.2 -84.0393 
44.25 -84.0416 
44.3 -84.0438 
44.35 -84.0461 
44.4 -84.0483 
44.45 -84.0505 
44.5 -84.0526 
44.55 -84.0547 
44.6 -84.0569 
44.65 -84.059 
44.7 -84.061 
44.75 -84.0631 
44.8 -84.0651 
44.85 -84.0671 
44.9 -84.0691 
44.95 -84.0711 
45 -84.073 
45.05 -84.0749 
45.1 -84.0768 
45.15 -84.0787 
45.2 -84.0806 
45.25 -84.0824 
45.3 -84.0843 
45.35 -84.0861 
45.4 -84.0879 
45.45 -84.0896 
45.5 -84.0914 
45.55 -84.0931 
45.6 -84.0948 
45.65 -84.0965 
45.7 -84.0982 
45.75 -84.0999 
45.8 -84.1015 
45.85 -84.1031 
45.9 -84.1047 
45.95 -84.1063 
46 -84.1079 
46.05 -84.1095 
46.1 -84.111 
46.15 -84.1125 
46.2 -84.114 
46.25 -84.1155 
46.3 -84.117 
46.35 -84.1184 
46.4 -84.1199 
46.45 -84.1213 
46.5 -84.1227 
46.55 -84.1241 
46.6 -84.1255 
46.65 -84.1268 
46.7 -84.1282 
46.75 -81.6297 
46.8 -80.1149 
46.85 -78.9208 
46.9 -77.7483 
46.95 -78.8171 
47 -79.7819 
47.05 -80.6163 
47.1 -81.2544 
47.15 -81.7118 
47.2 -82.0369 
47.25 -82.2732 
47.3 -82.4518 
47.35 -82.5927 
47.4 -82.7088 
47.45 -82.808 
47.5 -82.895 
47.55 -82.9732 
47.6 -83.0443 
47.65 -83.1096 
47.7 -83.1701 
47.75 -83.2264 
47.8 -83.2788 
47.85 -83.3277 
47.9 -83.3735 
47.95 -83.4163 
48 -83.4564 
48.05 -83.494 
48.1 -83.5292 
48.15 -83.5622 
48.2 -83.5932 
48.25 -83.6222 
48.3 -83.6495 
48.35 -83.6751 
48.4 -83.6991 
48.45 -83.7216 
48.5 -83.7428 
48.55 -83.7628 
48.6 -83.7815 
48.65 -83.7991 
48.7 -83.8156 
48.75 -83.8312 
48.8 -83.8459 
48.85 -83.8597 
48.9 -83.8727 
48.95 -83.8849 
49 -83.8964 
49.05 -83.9073 
49.1 -83.9176 
49.15 -83.9273 
49.2 -83.9364 
49.25 -83.945 
49.3 -83.9532 
49.35 -83.9609 
49.4 -83.9682 
49.45 -83.9751 
49.5 -83.9816 
49.55 -83.9878 
49.6 -83.9936 
49.65 -83.9992 
49.7 -84.0044 
49.75 -84.0094 
49.8 -84.0142 
49.85 -84.0187 
49.9 -84.0229 
49.95 -84.027 
50 -84.0309 
