0 -80 
0.05 -80.0859 
0.1 -80.1312 
0.15 -80.1647 
0.2 -80.1923 
0.25 -80.216 
0.3 -80.237 
0.35 -80.2561 
0.4 -80.2737 
0.45 -80.2903 
0.5 -80.306 
0.55 -80.3209 
0.6 -80.3352 
0.65 -80.349 
0.7 -80.3622 
0.75 -80.375 
0.8 -80.3873 
0.85 -80.3992 
0.9 -80.4107 
0.95 -80.4218 
1 -80.4326 
1.05 -80.443 
1.1 -80.453 
1.15 -80.4628 
1.2 -80.4722 
1.25 -80.4814 
1.3 -80.4902 
1.35 -80.4988 
1.4 -80.5071 
1.45 -80.5152 
1.5 -80.523 
1.55 -80.5306 
1.6 -80.538 
1.65 -80.5451 
1.7 -80.5521 
1.75 -80.5588 
1.8 -80.5654 
1.85 -80.5717 
1.9 -80.5779 
1.95 -80.5839 
2 -80.5898 
2.05 -80.5955 
2.1 -80.601 
2.15 -80.6064 
2.2 -80.6117 
2.25 -80.6168 
2.3 -80.6218 
2.35 -80.6267 
2.4 -80.6314 
2.45 -80.6361 
2.5 -80.6406 
2.55 -80.645 
2.6 -80.6493 
2.65 -80.6536 
2.7 -80.6577 
2.75 -80.6617 
2.8 -80.6657 
2.85 -80.6696 
2.9 -80.6733 
2.95 -80.677 
3 -80.6807 
3.05 -80.6842 
3.1 -80.6877 
3.15 -80.6912 
3.2 -80.6945 
3.25 -80.6978 
3.3 -80.7011 
3.35 -80.7043 
3.4 -80.7074 
3.45 -80.7105 
3.5 -80.7135 
3.55 -80.7165 
3.6 -80.7194 
3.65 -80.7223 
3.7 -80.7251 
3.75 -80.7279 
3.8 -80.7307 
3.85 -80.7334 
3.9 -80.7361 
3.95 -80.7387 
4 -80.7414 
4.05 -80.7439 
4.1 -80.7465 
4.15 -80.749 
4.2 -80.7515 
4.25 -80.7539 
4.3 -80.7563 
4.35 -80.7587 
4.4 -80.7611 
4.45 -80.7634 
4.5 -80.7657 
4.55 -80.768 
4.6 -80.7703 
4.65 -80.7725 
4.7 -80.7747 
4.75 -80.7769 
4.8 -80.7791 
4.85 -80.7813 
4.9 -80.7834 
4.95 -80.7855 
5 -80.7876 
5.05 -78.0469 
5.1 -76.1037 
5.15 -74.0744 
5.2 -71.0426 
5.25 -66.3082 
5.3 -51.2778 
5.35 -21.4388 
5.4 20.7564 
5.45 21.5766 
5.5 14.8971 
5.55 5.25207 
5.6 -5.08307 
5.65 -14.6635 
5.7 -22.8074 
5.75 -29.3863 
5.8 -34.5356 
5.85 -38.4923 
5.9 -41.5219 
5.95 -43.8692 
6 -45.7308 
6.05 -47.2514 
6.1 -48.5325 
6.15 -49.644 
6.2 -50.6341 
6.25 -51.5366 
6.3 -52.3756 
6.35 -53.1687 
6.4 -53.929 
6.45 -54.667 
6.5 -55.3904 
6.55 -56.1058 
6.6 -56.8183 
6.65 -57.532 
6.7 -58.2501 
6.75 -58.9747 
6.8 -59.7069 
6.85 -60.4469 
6.9 -61.1935 
6.95 -61.9448 
7 -62.6976 
7.05 -63.4477 
7.1 -64.1908 
7.15 -64.9219 
7.2 -65.6364 
7.25 -66.33 
7.3 -66.9991 
7.35 -67.641 
7.4 -68.254 
7.45 -68.837 
7.5 -69.3898 
7.55 -69.9128 
7.6 -70.4069 
7.65 -70.8731 
7.7 -71.3128 
7.75 -71.7275 
7.8 -72.1185 
7.85 -72.4874 
7.9 -72.8354 
7.95 -73.1639 
8 -73.4741 
8.05 -73.7672 
8.1 -74.0443 
8.15 -74.3063 
8.2 -74.5542 
8.25 -74.7889 
8.3 -75.0111 
8.35 -75.2216 
8.4 -75.4211 
8.45 -75.6103 
8.5 -75.7898 
8.55 -75.9601 
8.6 -76.1219 
8.65 -76.2756 
8.7 -76.4216 
8.75 -76.5605 
8.8 -76.6927 
8.85 -76.8185 
8.9 -76.9383 
8.95 -77.0524 
9 -77.1613 
9.05 -77.2652 
9.1 -77.3644 
9.15 -77.4592 
9.2 -77.5498 
9.25 -77.6364 
9.3 -77.7194 
9.35 -77.7989 
9.4 -77.8751 
9.45 -77.9482 
9.5 -78.0184 
9.55 -78.0859 
9.6 -78.1508 
9.65 -78.2132 
9.7 -78.2734 
9.75 -78.3314 
9.8 -78.3874 
9.85 -78.4414 
9.9 -78.4937 
9.95 -78.5442 
10 -78.5932 
10.05 -78.6406 
10.1 -78.6866 
10.15 -78.7313 
10.2 -78.7747 
10.25 -78.8169 
10.3 -78.8579 
10.35 -78.8979 
10.4 -78.9369 
10.45 -78.975 
10.5 -79.0121 
10.55 -79.0484 
10.6 -79.0839 
10.65 -79.1187 
10.7 -79.1527 
10.75 -79.186 
10.8 -79.2187 
10.85 -79.2508 
10.9 -79.2824 
10.95 -79.3133 
11 -79.3438 
11.05 -79.3738 
11.1 -79.4033 
11.15 -79.4323 
11.2 -79.461 
11.25 -79.4892 
11.3 -79.5171 
11.35 -79.5446 
11.4 -79.5717 
11.45 -79.5985 
11.5 -79.625 
11.55 -79.6512 
11.6 -79.6771 
11.65 -79.7027 
11.7 -79.7281 
11.75 -79.7532 
11.8 -79.778 
11.85 -79.8026 
11.9 -79.827 
11.95 -79.8512 
12 -79.8752 
12.05 -79.8989 
12.1 -79.9225 
12.15 -79.9458 
12.2 -79.969 
12.25 -79.992 
12.3 -80.0148 
12.35 -80.0374 
12.4 -80.0599 
12.45 -80.0822 
12.5 -80.1044 
12.55 -80.1264 
12.6 -80.1483 
12.65 -80.17 
12.7 -80.1916 
12.75 -80.213 
12.8 -80.2343 
12.85 -80.2554 
12.9 -80.2764 
12.95 -80.2973 
13 -80.3181 
13.05 -80.3387 
13.1 -80.3592 
13.15 -80.3796 
13.2 -80.3999 
13.25 -80.42 
13.3 -80.44 
13.35 -80.4599 
13.4 -78.0203 
13.45 -76.4452 
13.5 -74.9851 
13.55 -73.1861 
13.6 -72.4913 
13.65 -71.1917 
13.7 -68.7322 
13.75 -62.5048 
13.8 -45.0765 
13.85 -10.8916 
13.9 16.6826 
13.95 14.1266 
14 5.43632 
14.05 -4.90723 
14.1 -15.138 
14.15 -24.0244 
14.2 -31.2436 
14.25 -36.9033 
14.3 -41.2439 
14.35 -44.5623 
14.4 -47.1384 
14.45 -49.1937 
14.5 -50.8881 
14.55 -52.3323 
14.6 -53.6015 
14.65 -54.7471 
14.7 -55.8043 
14.75 -56.7979 
14.8 -57.7452 
14.85 -58.6581 
14.9 -59.5447 
14.95 -60.41 
15 -61.2565 
15.05 -62.085 
15.1 -62.8948 
15.15 -63.6841 
15.2 -64.4507 
15.25 -65.192 
15.3 -65.9056 
15.35 -66.5895 
15.4 -67.2422 
15.45 -67.8629 
15.5 -68.4511 
15.55 -69.0072 
15.6 -69.5319 
15.65 -70.0261 
15.7 -70.4912 
15.75 -70.9287 
15.8 -71.34 
15.85 -71.7267 
15.9 -72.0903 
15.95 -72.4322 
16 -72.7539 
16.05 -73.0566 
16.1 -73.3417 
16.15 -73.6103 
16.2 -73.8635 
16.25 -74.1023 
16.3 -74.3276 
16.35 -74.5403 
16.4 -74.7413 
16.45 -74.9312 
16.5 -75.1109 
16.55 -75.2809 
16.6 -75.4419 
16.65 -75.5945 
16.7 -75.7391 
16.75 -75.8764 
16.8 -76.0068 
16.85 -76.1306 
16.9 -76.2484 
16.95 -76.3605 
17 -76.4673 
17.05 -76.5691 
17.1 -76.6662 
17.15 -76.7589 
17.2 -76.8476 
17.25 -76.9324 
17.3 -77.0136 
17.35 -77.0914 
17.4 -77.1661 
17.45 -77.2378 
17.5 -77.3067 
17.55 -77.3731 
17.6 -77.437 
17.65 -77.4986 
17.7 -77.5581 
17.75 -77.6156 
17.8 -77.6713 
17.85 -77.7252 
17.9 -77.7774 
17.95 -77.8281 
18 -77.8773 
18.05 -77.9252 
18.1 -77.9719 
18.15 -78.0173 
18.2 -78.0616 
18.25 -78.1049 
18.3 -78.1472 
18.35 -78.1885 
18.4 -78.229 
18.45 -78.2687 
18.5 -78.3076 
18.55 -78.3458 
18.6 -78.3834 
18.65 -78.4202 
18.7 -78.4565 
18.75 -78.4923 
18.8 -78.5274 
18.85 -78.5621 
18.9 -78.5963 
18.95 -78.6301 
19 -78.6634 
19.05 -78.6964 
19.1 -78.7289 
19.15 -78.7611 
19.2 -78.7929 
19.25 -78.8245 
19.3 -78.8557 
19.35 -78.8866 
19.4 -78.9172 
19.45 -78.9476 
19.5 -78.9777 
19.55 -79.0075 
19.6 -79.0372 
19.65 -79.0666 
19.7 -79.0957 
19.75 -79.1247 
19.8 -79.1534 
19.85 -79.182 
19.9 -79.2104 
19.95 -79.2386 
20 -79.2666 
20.05 -79.2944 
20.1 -79.322 
20.15 -79.3495 
20.2 -79.3769 
20.25 -79.404 
20.3 -79.4311 
20.35 -79.4579 
20.4 -79.4846 
20.45 -79.5112 
20.5 -79.5376 
20.55 -79.5639 
20.6 -79.5901 
20.65 -79.6161 
20.7 -79.642 
20.75 -79.6677 
20.8 -79.6933 
20.85 -79.7188 
20.9 -79.7442 
20.95 -79.7694 
21 -79.7945 
21.05 -79.8195 
21.1 -79.8443 
21.15 -79.869 
21.2 -79.8936 
21.25 -79.9181 
21.3 -79.9425 
21.35 -79.9667 
21.4 -79.9909 
21.45 -80.0149 
21.5 -80.0388 
21.55 -80.0625 
21.6 -80.0862 
21.65 -80.1097 
21.7 -80.1331 
21.75 -77.812 
21.8 -76.3461 
21.85 -75.0181 
21.9 -73.4438 
21.95 -73.2221 
22 -72.847 
22.05 -72.4689 
22.1 -72.0813 
22.15 -71.6483 
22.2 -71.1121 
22.25 -70.3651 
22.3 -69.1718 
22.35 -66.9074 
22.4 -61.5018 
22.45 -47.0884 
22.5 -19.0167 
22.55 11.897 
22.6 9.46911 
22.65 1.72903 
22.7 -8.16473 
22.75 -18.0231 
22.8 -26.494 
22.85 -33.4062 
22.9 -38.8446 
22.95 -43.0412 
23 -46.289 
23.05 -48.8486 
23.1 -50.9242 
23.15 -52.6633 
23.2 -54.1672 
23.25 -55.5049 
23.3 -56.7233 
23.35 -57.8542 
23.4 -58.9191 
23.45 -59.9323 
23.5 -60.9031 
23.55 -61.8366 
23.6 -62.7358 
23.65 -63.6013 
23.7 -64.4328 
23.75 -65.2296 
23.8 -65.9905 
23.85 -66.7147 
23.9 -67.4017 
23.95 -68.0515 
24 -68.6647 
24.05 -69.242 
24.1 -69.7847 
24.15 -70.2943 
24.2 -70.7725 
24.25 -71.221 
24.3 -71.6416 
24.35 -72.036 
24.4 -72.406 
24.45 -72.7531 
24.5 -73.079 
24.55 -73.3849 
24.6 -73.6724 
24.65 -73.9427 
24.7 -74.1969 
24.75 -74.4361 
24.8 -74.6613 
24.85 -74.8736 
24.9 -75.0737 
24.95 -75.2625 
25 -75.4407 
25.05 -75.6091 
25.1 -75.7683 
25.15 -75.9188 
25.2 -76.0614 
25.25 -76.1964 
25.3 -76.3245 
25.35 -76.446 
25.4 -76.5613 
25.45 -76.671 
25.5 -76.7754 
25.55 -76.8747 
25.6 -76.9695 
25.65 -77.0598 
25.7 -77.1461 
25.75 -77.2286 
25.8 -77.3076 
25.85 -77.3832 
25.9 -77.4557 
25.95 -77.5253 
26 -77.5923 
26.05 -77.6567 
26.1 -77.7187 
26.15 -77.7785 
26.2 -77.8363 
26.25 -77.8921 
26.3 -77.9461 
26.35 -77.9984 
26.4 -78.0492 
26.45 -78.0985 
26.5 -78.1464 
26.55 -78.193 
26.6 -78.2384 
26.65 -78.2826 
26.7 -78.3258 
26.75 -78.368 
26.8 -78.4093 
26.85 -78.4497 
26.9 -78.4893 
26.95 -78.5281 
27 -78.5662 
27.05 -78.6037 
27.1 -78.6405 
27.15 -78.6767 
27.2 -78.7123 
27.25 -78.7474 
27.3 -78.7821 
27.35 -78.8162 
27.4 -78.8499 
27.45 -78.8832 
27.5 -78.9161 
27.55 -78.9486 
27.6 -78.9808 
27.65 -79.0126 
27.7 -79.0441 
27.75 -79.0754 
27.8 -79.1063 
27.85 -79.1369 
27.9 -79.1673 
27.95 -79.1975 
28 -79.2274 
28.05 -79.257 
28.1 -79.2865 
28.15 -79.3157 
28.2 -79.3447 
28.25 -79.3735 
28.3 -79.4022 
28.35 -79.4306 
28.4 -79.4589 
28.45 -79.487 
28.5 -79.5149 
28.55 -79.5427 
28.6 -79.5703 
28.65 -79.5977 
28.7 -79.625 
28.75 -79.6521 
28.8 -79.6791 
28.85 -79.706 
28.9 -79.7327 
28.95 -79.7592 
29 -79.7856 
29.05 -79.8119 
29.1 -79.8381 
29.15 -79.8641 
29.2 -79.89 
29.25 -79.9157 
29.3 -79.9414 
29.35 -79.9669 
29.4 -79.9922 
29.45 -80.0175 
29.5 -80.0426 
29.55 -80.0676 
29.6 -80.0925 
29.65 -80.1173 
29.7 -80.1419 
29.75 -80.1664 
29.8 -80.1909 
29.85 -80.2151 
29.9 -80.2393 
29.95 -80.2634 
30 -80.2873 
30.05 -78.0168 
30.1 -76.6145 
30.15 -75.3832 
30.2 -73.9864 
30.25 -74.1658 
30.3 -74.3842 
30.35 -74.83 
30.4 -75.4709 
30.45 -76.1913 
30.5 -76.8713 
30.55 -77.4441 
30.6 -77.8989 
30.65 -78.2538 
30.7 -78.5335 
30.75 -78.7592 
30.8 -78.9468 
30.85 -79.1073 
30.9 -79.2481 
30.95 -79.3742 
31 -79.4889 
31.05 -79.5944 
31.1 -79.6923 
31.15 -79.7836 
31.2 -79.8692 
31.25 -79.9497 
31.3 -80.0255 
31.35 -80.0971 
31.4 -80.1649 
31.45 -80.229 
31.5 -80.2899 
31.55 -80.3478 
31.6 -80.4029 
31.65 -80.4553 
31.7 -80.5053 
31.75 -80.5531 
31.8 -80.5988 
31.85 -80.6426 
31.9 -80.6845 
31.95 -80.7248 
32 -80.7635 
32.05 -80.8007 
32.1 -80.8366 
32.15 -80.8712 
32.2 -80.9047 
32.25 -80.9371 
32.3 -80.9684 
32.35 -80.9988 
32.4 -81.0283 
32.45 -81.057 
32.5 -81.0849 
32.55 -81.1121 
32.6 -81.1386 
32.65 -81.1645 
32.7 -81.1897 
32.75 -81.2145 
32.8 -81.2387 
32.85 -81.2624 
32.9 -81.2856 
32.95 -81.3084 
33 -81.3308 
33.05 -81.3529 
33.1 -81.3745 
33.15 -81.3959 
33.2 -81.4169 
33.25 -81.4376 
33.3 -81.458 
33.35 -81.4781 
33.4 -81.498 
33.45 -81.5176 
33.5 -81.537 
33.55 -81.5562 
33.6 -81.5752 
33.65 -81.594 
33.7 -81.6125 
33.75 -81.6309 
33.8 -81.6491 
33.85 -81.6672 
33.9 -81.6851 
33.95 -81.7028 
34 -81.7204 
34.05 -81.7378 
34.1 -81.7551 
34.15 -81.7723 
34.2 -81.7893 
34.25 -81.8062 
34.3 -81.823 
34.35 -81.8396 
34.4 -81.8562 
34.45 -81.8726 
34.5 -81.8889 
34.55 -81.9051 
34.6 -81.9212 
34.65 -81.9373 
34.7 -81.9532 
34.75 -81.969 
34.8 -81.9847 
34.85 -82.0003 
34.9 -82.0158 
34.95 -82.0312 
35 -82.0466 
35.05 -82.0618 
35.1 -82.077 
35.15 -82.0921 
35.2 -82.107 
35.25 -82.122 
35.3 -82.1368 
35.35 -82.1515 
35.4 -82.1662 
35.45 -82.1808 
35.5 -82.1953 
35.55 -82.2097 
35.6 -82.224 
35.65 -82.2383 
35.7 -82.2525 
35.75 -82.2666 
35.8 -82.2806 
35.85 -82.2946 
35.9 -82.3085 
35.95 -82.3223 
36 -82.3361 
36.05 -82.3497 
36.1 -82.3633 
36.15 -82.3769 
36.2 -82.3903 
36.25 -82.4037 
36.3 -82.4171 
36.35 -82.4303 
36.4 -82.4435 
36.45 -82.4566 
36.5 -82.4696 
36.55 -82.4826 
36.6 -82.4955 
36.65 -82.5084 
36.7 -82.5212 
36.75 -82.5339 
36.8 -82.5465 
36.85 -82.5591 
36.9 -82.5716 
36.95 -82.5841 
37 -82.5965 
37.05 -82.6088 
37.1 -82.621 
37.15 -82.6332 
37.2 -82.6454 
37.25 -82.6574 
37.3 -82.6694 
37.35 -82.6814 
37.4 -82.6933 
37.45 -82.7051 
37.5 -82.7168 
37.55 -82.7285 
37.6 -82.7402 
37.65 -82.7517 
37.7 -82.7633 
37.75 -82.7747 
37.8 -82.7861 
37.85 -82.7974 
37.9 -82.8087 
37.95 -82.8199 
38 -82.8311 
38.05 -82.8422 
38.1 -82.8532 
38.15 -82.8642 
38.2 -82.8752 
38.25 -82.886 
38.3 -82.8969 
38.35 -82.9076 
38.4 -80.4964 
38.45 -79.0661 
38.5 -77.9257 
38.55 -76.7795 
38.6 -77.7488 
38.65 -78.6731 
38.7 -79.5258 
38.75 -80.2034 
38.8 -80.6973 
38.85 -81.0498 
38.9 -81.3057 
38.95 -81.4986 
39 -81.6505 
39.05 -81.7754 
39.1 -81.882 
39.15 -81.9758 
39.2 -82.0599 
39.25 -82.1367 
39.3 -82.2075 
39.35 -82.2732 
39.4 -82.3344 
39.45 -82.3917 
39.5 -82.4455 
39.55 -82.496 
39.6 -82.5436 
39.65 -82.5884 
39.7 -82.6306 
39.75 -82.6706 
39.8 -82.7083 
39.85 -82.744 
39.9 -82.7778 
39.95 -82.8098 
40 -82.8402 
40.05 -82.8691 
40.1 -82.8966 
40.15 -82.9228 
40.2 -82.9477 
40.25 -82.9715 
40.3 -82.9942 
40.35 -83.0159 
40.4 -83.0368 
40.45 -83.0567 
40.5 -83.0758 
40.55 -83.0942 
40.6 -83.1119 
40.65 -83.1289 
40.7 -83.1454 
40.75 -83.1612 
40.8 -83.1765 
40.85 -83.1913 
40.9 -83.2057 
40.95 -83.2196 
41 -83.2331 
41.05 -83.2462 
41.1 -83.259 
41.15 -83.2714 
41.2 -83.2835 
41.25 -83.2953 
41.3 -83.3068 
41.35 -83.318 
41.4 -83.3291 
41.45 -83.3398 
41.5 -83.3504 
41.55 -83.3607 
41.6 -83.3709 
41.65 -83.3808 
41.7 -83.3906 
41.75 -83.4002 
41.8 -83.4097 
41.85 -83.419 
41.9 -83.4282 
41.95 -83.4372 
42 -83.4461 
42.05 -83.4549 
42.1 -83.4635 
42.15 -83.4721 
42.2 -83.4805 
42.25 -83.4889 
42.3 -83.4971 
42.35 -83.5053 
42.4 -83.5134 
42.45 -83.5213 
42.5 -83.5292 
42.55 -83.537 
42.6 -83.5448 
42.65 -83.5524 
42.7 -83.56 
42.75 -83.5676 
42.8 -83.575 
42.85 -83.5824 
42.9 -83.5897 
42.95 -83.597 
43 -83.6042 
43.05 -83.6113 
43.1 -83.6184 
43.15 -83.6254 
43.2 -83.6324 
43.25 -83.6393 
43.3 -83.6462 
43.35 -83.653 
43.4 -83.6598 
43.45 -83.6665 
43.5 -83.6732 
43.55 -83.6798 
43.6 -83.6864 
43.65 -83.6929 
43.7 -83.6994 
43.75 -83.7058 
43.8 -83.7122 
43.85 -83.7186 
43.9 -83.7249 
43.95 -83.7312 
44 -83.7374 
44.05 -83.7436 
44.1 -83.7497 
44.15 -83.7558 
44.2 -83.7619 
44.25 -83.7679 
44.3 -83.7739 
44.35 -83.7799 
44.4 -83.7858 
44.45 -83.7917 
44.5 -83.7975 
44.55 -83.8033 
44.6 -83.809 
44.65 -83.8148 
44.7 -83.8205 
44.75 -83.8261 
44.8 -83.8317 
44.85 -83.8373 
44.9 -83.8428 
44.95 -83.8484 
45 -83.8538 
45.05 -83.8593 
45.1 -83.8647 
45.15 -83.87 
45.2 -83.8754 
45.25 -83.8807 
45.3 -83.886 
45.35 -83.8912 
45.4 -83.8964 
45.45 -83.9016 
45.5 -83.9067 
45.55 -83.9118 
45.6 -83.9169 
45.65 -83.9219 
45.7 -83.9269 
45.75 -83.9319 
45.8 -83.9369 
45.85 -83.9418 
45.9 -83.9466 
45.95 -83.9515 
46 -83.9563 
46.05 -83.9611 
46.1 -83.9659 
46.15 -83.9706 
46.2 -83.9753 
46.25 -83.9799 
46.3 -83.9846 
46.35 -83.9892 
46.4 -83.9938 
46.45 -83.9983 
46.5 -84.0028 
46.55 -84.0073 
46.6 -84.0118 
46.65 -84.0162 
46.7 -84.0206 
46.75 -81.5038 
46.8 -80.0087 
46.85 -78.8405 
46.9 -77.6969 
46.95 -78.8202 
47 -79.8301 
47.05 -80.69 
47.1 -81.3356 
47.15 -81.7913 
47.2 -82.1117 
47.25 -82.3432 
47.3 -82.5177 
47.35 -82.6557 
47.4 -82.7695 
47.45 -82.867 
47.5 -82.9529 
47.55 -83.0301 
47.6 -83.1005 
47.65 -83.1653 
47.7 -83.2253 
47.75 -83.2811 
47.8 -83.3331 
47.85 -83.3817 
47.9 -83.4272 
47.95 -83.4698 
48 -83.5098 
48.05 -83.5473 
48.1 -83.5824 
48.15 -83.6155 
48.2 -83.6465 
48.25 -83.6757 
48.3 -83.7031 
48.35 -83.729 
48.4 -83.7533 
48.45 -83.7763 
48.5 -83.7979 
48.55 -83.8183 
48.6 -83.8376 
48.65 -83.8559 
48.7 -83.8731 
48.75 -83.8894 
48.8 -83.9049 
48.85 -83.9196 
48.9 -83.9335 
48.95 -83.9467 
49 -83.9592 
49.05 -83.9712 
49.1 -83.9825 
49.15 -83.9934 
49.2 -84.0037 
49.25 -84.0136 
49.3 -84.023 
49.35 -84.032 
49.4 -84.0407 
49.45 -84.0489 
49.5 -84.0569 
49.55 -84.0645 
49.6 -84.0718 
49.65 -84.0789 
49.7 -84.0857 
49.75 -84.0922 
49.8 -84.0985 
49.85 -84.1046 
49.9 -84.1105 
49.95 -84.1162 
50 -84.1217 
